certif,ID,size,alt_group,visit_year,weight,sexe,birth_year,mother_age,age,month
cs8,1212009554,47.5,0,2012,3.29,Féminin,2012,28,0,0
cs9,1212009554,72,0,2013,9.3,Féminin,2012,28,1,9
cs24,1212009554,90.5,0,2014,14.6,Féminin,2012,28,2,24
bsem,1212009554,109,0,2015,22,Féminin,2012,28,3,36
cs8,1313001453,50.5,0,2013,3.4,Féminin,2013,25,0,0
cs9,1313001453,74,0,2013,8.65,Féminin,2013,25,0,9
cs24,1313001453,89.2,0,2015,12.1,Féminin,2013,25,2,24
bsem,1313001453,105,0,2015,17,Féminin,2013,25,2,38
cs8,1313012670,48,0,2013,3.44,Féminin,2013,30,0,0
cs9,1313012670,70.5,0,2014,9.16,Féminin,2013,30,1,9
cs24,1313012670,99,0,2015,14.2,Féminin,2013,30,2,24
bsem,1313012670,100,0,2015,16,Féminin,2013,30,2,38
cs8,1414001130,52,0,2014,3.62,Masculin,2014,19,0,0
cs9,1414001130,72,0,2014,9.32,Masculin,2014,19,0,9
cs24,1414001130,90.5,0,2016,14.5,Masculin,2014,19,2,24
bsem,1414001130,106,0,2015,21,Masculin,2014,19,1,38
cs8,1414012380,48,0,2014,3.19,Féminin,2014,35,0,0
cs9,1414012380,70,0,2015,8.54,Féminin,2014,35,1,9
cs24,1414012380,85,0,2016,12.1,Féminin,2014,35,2,24
bsem,1414012380,100,0,2015,18,Féminin,2014,35,1,38
cs8,1515000136,49.5,0,2015,3.03,Féminin,2015,28,0,0
cs9,1515000136,74.5,0,2015,10.28,Féminin,2015,28,0,9
cs24,1515000136,90,0,2017,12.8,Féminin,2015,28,2,24
bsem,1515000136,114,0,2015,19,Féminin,2015,28,0,38
cs8,1515002110,48,1,2015,2.59,Masculin,2015,34,0,0
cs9,1515002110,67.5,1,2015,7.36,Masculin,2015,34,0,9
cs24,1515002110,84,1,2017,10.44,Masculin,2015,34,2,24
bsem,1515002110,101,1,2015,14,Masculin,2015,34,0,38
cs8,1515002123,50.2,0,2015,3.34,Féminin,2015,31,0,0
cs9,1515002123,71,0,2015,9.78,Féminin,2015,31,0,9
cs24,1515002123,87,0,2017,13,Féminin,2015,31,2,24
bsem,1515002123,104,0,2015,16,Féminin,2015,31,0,38
cs8,150000000685,52,0,2015,4,Masculin,2015,34,0,0
cs9,150000000685,71,0,NA,8.7,Masculin,2015,34,NA,9
cs24,150000000685,87,0,2017,13.2,Masculin,2015,34,2,24
bsem,150000000685,103,0,2015,19,Masculin,2015,34,0,38
cs8,150000000896,50,0,2015,3.7,Masculin,2015,30,0,0
cs9,150000000896,74.5,0,2016,11.2,Masculin,2015,30,1,9
cs24,150000000896,92,0,2017,16.3,Masculin,2015,30,2,24
bsem,150000000896,107,0,2015,21,Masculin,2015,30,0,38
cs8,150000001367,52,0,2015,4.01,Masculin,2015,25,0,0
cs9,150000001367,66,0,2016,7.9,Masculin,2015,25,1,9
cs24,150000001367,91,0,2017,12,Masculin,2015,25,2,24
bsem,150000001367,106,0,2015,18,Masculin,2015,25,0,38
cs8,150000001726,54,0,2015,4.41,Masculin,2015,31,0,0
cs9,150000001726,76,0,2016,10.2,Masculin,2015,31,1,9
cs24,150000001726,90.5,0,2017,14.02,Masculin,2015,31,2,24
bsem,150000001726,114,0,2015,22,Masculin,2015,31,0,38
cs8,150000001762,51,2,2015,3.15,Masculin,2015,35,0,0
cs9,150000001762,73,2,NA,7.7,Masculin,2015,35,NA,9
cs24,150000001762,87,2,2017,10.88,Masculin,2015,35,2,24
bsem,150000001762,101,2,2015,13,Masculin,2015,35,0,38
cs8,150000002091,52,0,2015,3.77,Féminin,2015,25,0,0
cs9,150000002091,72.5,0,2016,9.09,Féminin,2015,25,1,9
cs24,150000002091,89,0,2017,11.88,Féminin,2015,25,2,24
bsem,150000002091,111,0,2015,19,Féminin,2015,25,0,38
cs8,150000002171,49,2,2015,2.9,Féminin,2015,32,0,0
cs9,150000002171,67,2,2016,7.63,Féminin,2015,32,1,9
cs24,150000002171,82.5,2,2017,10.05,Féminin,2015,32,2,24
bsem,150000002171,98,2,2015,14,Féminin,2015,32,0,38
cs8,150000003436,51,0,2015,3.21,Féminin,2015,40,0,0
cs9,150000003436,69.5,0,2016,7.62,Féminin,2015,40,1,9
cs24,150000003436,86.5,0,2017,11.3,Féminin,2015,40,2,24
bsem,150000003436,102,0,2015,15,Féminin,2015,40,0,38
cs8,150000003730,54,0,2015,3.95,Masculin,2015,24,0,0
cs9,150000003730,74.5,0,2016,9.17,Masculin,2015,24,1,9
cs24,150000003730,89.5,0,2017,13.85,Masculin,2015,24,2,24
bsem,150000003730,104,0,2015,17,Masculin,2015,24,0,38
cs8,150000003754,48,0,2015,3.08,Masculin,2015,33,0,0
cs9,150000003754,71.5,0,2016,8.6,Masculin,2015,33,1,9
cs24,150000003754,84,0,2017,11.8,Masculin,2015,33,2,24
bsem,150000003754,99,0,2015,17,Masculin,2015,33,0,38
cs8,150000004008,54,0,2015,3.79,Féminin,2015,25,0,0
cs9,150000004008,72,0,2016,8.63,Féminin,2015,25,1,9
cs24,150000004008,88,0,2017,11.92,Féminin,2015,25,2,24
bsem,150000004008,102,0,2015,16,Féminin,2015,25,0,38
cs8,150000004477,49,0,2015,3.24,Féminin,2015,35,0,0
cs9,150000004477,73,0,NA,8.62,Féminin,2015,35,NA,9
cs24,150000004477,90.5,0,2017,13.33,Féminin,2015,35,2,24
bsem,150000004477,103,0,2015,18,Féminin,2015,35,0,38
cs8,150000004564,46.4,0,2015,3.17,Féminin,2015,32,0,0
cs9,150000004564,68,0,2016,8.46,Féminin,2015,32,1,9
cs24,150000004564,85,0,2017,12.7,Féminin,2015,32,2,24
bsem,150000004564,99,0,2015,15,Féminin,2015,32,0,38
cs8,150000004623,51,0,2015,3.23,Féminin,2015,22,0,0
cs9,150000004623,69,0,2016,7.62,Féminin,2015,22,1,9
cs24,150000004623,84.5,0,2017,10.98,Féminin,2015,22,2,24
bsem,150000004623,105,0,2015,15,Féminin,2015,22,0,38
cs8,150000004722,52,0,2015,3.61,Féminin,2015,27,0,0
cs9,150000004722,74,0,2016,9.73,Féminin,2015,27,1,9
cs24,150000004722,88.5,0,2017,13.14,Féminin,2015,27,2,24
bsem,150000004722,108,0,2015,20,Féminin,2015,27,0,38
cs8,150000004810,52,0,2015,3.43,Féminin,2015,22,0,0
cs9,150000004810,69.5,0,2016,8.52,Féminin,2015,22,1,9
cs24,150000004810,89,0,2018,14.6,Féminin,2015,22,3,24
bsem,150000004810,95,0,2015,15,Féminin,2015,22,0,38
cs8,150000004848,53,0,2015,3.75,Féminin,2015,34,0,0
cs9,150000004848,73,0,2016,10.94,Féminin,2015,34,1,9
cs24,150000004848,88,0,2017,13.72,Féminin,2015,34,2,24
bsem,150000004848,101,0,2015,18,Féminin,2015,34,0,38
cs8,150000004994,48.5,0,2015,2.9,Masculin,2015,40,0,0
cs9,150000004994,71,0,2016,8.13,Masculin,2015,40,1,9
cs24,150000004994,84,0,2017,10.78,Masculin,2015,40,2,24
bsem,150000004994,97,0,2015,12,Masculin,2015,40,0,38
cs8,150000005008,48,0,2015,3.12,Féminin,2015,29,0,0
cs9,150000005008,69.5,0,2016,8.56,Féminin,2015,29,1,9
cs24,150000005008,81,0,2017,11.4,Féminin,2015,29,2,24
bsem,150000005008,99,0,2015,16,Féminin,2015,29,0,38
cs8,150000005035,47,0,2015,3.2,Masculin,2015,29,0,0
cs9,150000005035,73,0,2016,11.75,Masculin,2015,29,1,9
cs24,150000005035,90,0,2017,16,Masculin,2015,29,2,24
bsem,150000005035,110,0,2015,25,Masculin,2015,29,0,38
cs8,150000005065,51.5,0,2015,3.4,Féminin,2015,25,0,0
cs9,150000005065,73.5,0,2016,8.68,Féminin,2015,25,1,9
cs24,150000005065,89,0,2017,13.1,Féminin,2015,25,2,24
bsem,150000005065,105,0,2015,18,Féminin,2015,25,0,38
cs8,150000005126,50,0,2015,3.67,Masculin,2015,21,0,0
cs9,150000005126,71.5,0,2016,9.13,Masculin,2015,21,1,9
cs24,150000005126,84.5,0,2017,12.74,Masculin,2015,21,2,24
bsem,150000005126,101,0,2015,17,Masculin,2015,21,0,38
cs8,150000005214,48,0,2015,3.11,Féminin,2015,35,0,0
cs9,150000005214,67.5,0,2016,7.76,Féminin,2015,35,1,9
cs24,150000005214,82,0,2017,10.46,Féminin,2015,35,2,24
bsem,150000005214,91,0,2015,14,Féminin,2015,35,0,38
cs8,150000005232,50,0,2015,3.7,Masculin,2015,29,0,0
cs9,150000005232,72.5,0,2016,8.75,Masculin,2015,29,1,9
cs24,150000005232,86,0,2017,11.7,Masculin,2015,29,2,24
bsem,150000005232,108,0,2015,21,Masculin,2015,29,0,38
cs8,150000005249,49,0,2015,3.68,Masculin,2015,27,0,0
cs9,150000005249,67.5,0,2016,8.19,Masculin,2015,27,1,9
cs24,150000005249,81.5,0,2017,10.94,Masculin,2015,27,2,24
bsem,150000005249,92,0,2015,13,Masculin,2015,27,0,38
cs8,150000005497,49,0,2015,3.41,Masculin,2015,25,0,0
cs9,150000005497,72,0,2016,8.66,Masculin,2015,25,1,9
cs24,150000005497,88,0,2017,11.44,Masculin,2015,25,2,24
bsem,150000005497,105,0,2015,16,Masculin,2015,25,0,38
cs8,150000005528,46.5,0,2015,3.07,Masculin,2015,25,0,0
cs9,150000005528,70,0,2016,7.88,Masculin,2015,25,1,9
cs24,150000005528,82,0,2017,9.96,Masculin,2015,25,2,24
bsem,150000005528,97,0,2015,13,Masculin,2015,25,0,38
cs8,150000005632,50.5,0,2015,3.82,Féminin,2015,27,0,0
cs9,150000005632,73,0,2016,8.87,Féminin,2015,27,1,9
cs24,150000005632,93,0,2017,14.26,Féminin,2015,27,2,24
bsem,150000005632,111,0,2015,18,Féminin,2015,27,0,38
cs8,150000006201,49,0,2015,3.18,Masculin,2015,21,0,0
cs9,150000006201,68,0,2016,7.62,Masculin,2015,21,1,9
cs24,150000006201,83,0,2017,10.26,Masculin,2015,21,2,24
bsem,150000006201,91,0,2015,13,Masculin,2015,21,0,38
cs8,150000006496,52,0,2015,3.27,Masculin,2015,24,0,0
cs9,150000006496,72.5,0,2016,9.24,Masculin,2015,24,1,9
cs24,150000006496,85,0,2017,11.86,Masculin,2015,24,2,24
bsem,150000006496,100,0,2015,16,Masculin,2015,24,0,38
cs8,150000006871,50,0,2015,3.48,Féminin,2015,33,0,0
cs9,150000006871,73,0,2016,9.25,Féminin,2015,33,1,9
cs24,150000006871,88.5,0,2017,12.52,Féminin,2015,33,2,24
bsem,150000006871,106,0,2015,17,Féminin,2015,33,0,38
cs8,150000007101,50.5,0,2015,3.21,Féminin,2015,38,0,0
cs9,150000007101,70.5,0,2016,8.59,Féminin,2015,38,1,9
cs24,150000007101,92,0,2018,13,Féminin,2015,38,3,24
bsem,150000007101,101,0,2015,16,Féminin,2015,38,0,38
cs8,150000007173,52,0,2015,3.34,Féminin,2015,33,0,0
cs9,150000007173,71,0,2016,8.2,Féminin,2015,33,1,9
cs24,150000007173,89.5,0,2017,12.95,Féminin,2015,33,2,24
bsem,150000007173,109,0,2015,19,Féminin,2015,33,0,38
cs8,150000007183,51,0,2015,2.96,Féminin,2015,28,0,0
cs9,150000007183,71,0,2016,8.75,Féminin,2015,28,1,9
cs24,150000007183,85,0,2017,11.33,Féminin,2015,28,2,24
bsem,150000007183,99,0,2015,14,Féminin,2015,28,0,38
cs8,150000007430,51,0,2015,3.32,Masculin,2015,39,0,0
cs9,150000007430,72,0,2016,8.5,Masculin,2015,39,1,9
cs24,150000007430,89,0,2017,12.2,Masculin,2015,39,2,24
bsem,150000007430,108,0,2015,17,Masculin,2015,39,0,38
cs8,150000007494,48,1,2015,3.17,Masculin,2015,30,0,0
cs9,150000007494,74,1,2016,8.43,Masculin,2015,30,1,9
cs24,150000007494,85,1,2017,12.77,Masculin,2015,30,2,24
bsem,150000007494,104,1,2015,18,Masculin,2015,30,0,38
cs8,150000007564,51,0,2015,3.74,Féminin,2015,32,0,0
cs9,150000007564,71,0,2016,9.14,Féminin,2015,32,1,9
cs24,150000007564,90,0,2017,12.84,Féminin,2015,32,2,24
bsem,150000007564,106,0,2015,17,Féminin,2015,32,0,38
cs8,150000007775,49.5,0,2015,3.53,Féminin,2015,43,0,0
cs9,150000007775,70,0,2016,8.54,Féminin,2015,43,1,9
cs24,150000007775,82,0,2017,11.38,Féminin,2015,43,2,24
bsem,150000007775,94,0,2015,15,Féminin,2015,43,0,38
cs8,150000007814,49,0,2015,3.2,Féminin,2015,38,0,0
cs9,150000007814,71,0,2016,8.98,Féminin,2015,38,1,9
cs24,150000007814,88,0,2017,12.1,Féminin,2015,38,2,24
bsem,150000007814,102,0,2015,16,Féminin,2015,38,0,38
cs8,150000007888,52,0,2015,3.57,Féminin,2015,45,0,0
cs9,150000007888,72.5,0,2016,8.59,Féminin,2015,45,1,9
cs24,150000007888,90,0,2017,12.62,Féminin,2015,45,2,24
bsem,150000007888,100,0,2015,16,Féminin,2015,45,0,38
cs8,150000008131,52,0,2015,4.13,Féminin,2015,26,0,0
cs9,150000008131,71,0,2016,8.7,Féminin,2015,26,1,9
cs24,150000008131,86,0,2017,11.03,Féminin,2015,26,2,24
bsem,150000008131,98,0,2015,14,Féminin,2015,26,0,38
cs8,150000008156,45.7,0,2015,2.68,Masculin,2015,29,0,0
cs9,150000008156,74,0,2016,9,Masculin,2015,29,1,9
cs24,150000008156,92,0,2018,13.18,Masculin,2015,29,3,24
bsem,150000008156,104,0,2015,19,Masculin,2015,29,0,38
cs8,150000008175,51,2,2015,3.7,Masculin,2015,31,0,0
cs9,150000008175,70,2,2016,8.16,Masculin,2015,31,1,9
cs24,150000008175,87,2,2017,11.665,Masculin,2015,31,2,24
bsem,150000008175,101,2,2015,15,Masculin,2015,31,0,38
cs8,150000008250,50,0,2015,3.82,Masculin,2015,32,0,0
cs9,150000008250,76.5,0,2016,9.59,Masculin,2015,32,1,9
cs24,150000008250,90,0,2017,12.94,Masculin,2015,32,2,24
bsem,150000008250,101,0,2015,16,Masculin,2015,32,0,38
cs8,150000008383,48.5,0,2015,3.04,Féminin,2015,19,0,0
cs9,150000008383,66.5,0,2016,6.84,Féminin,2015,19,1,9
cs24,150000008383,83.5,0,2017,11.96,Féminin,2015,19,2,24
bsem,150000008383,98,0,2015,14,Féminin,2015,19,0,38
cs8,150000008550,54,0,2015,4.03,Féminin,2015,15,0,0
cs9,150000008550,71.5,0,2016,9.99,Féminin,2015,15,1,9
cs24,150000008550,88.5,0,2018,14.85,Féminin,2015,15,3,24
bsem,150000008550,98,0,2015,17,Féminin,2015,15,0,38
cs8,150000008775,49.5,0,2015,3.12,Féminin,2015,26,0,0
cs9,150000008775,73,0,2016,12.08,Féminin,2015,26,1,9
cs24,150000008775,88,0,NA,15.02,Féminin,2015,26,NA,24
bsem,150000008775,105,0,2015,22,Féminin,2015,26,0,38
cs8,150000008908,53.5,0,2015,3.99,Masculin,2015,29,0,0
cs9,150000008908,72.5,0,2016,10,Masculin,2015,29,1,9
cs24,150000008908,91,0,2017,13.27,Masculin,2015,29,2,24
bsem,150000008908,100,0,2015,16,Masculin,2015,29,0,38
cs8,150000008909,49,0,2015,3.12,Féminin,2015,29,0,0
cs9,150000008909,71,0,2016,9.15,Féminin,2015,29,1,9
cs24,150000008909,90,0,2018,14,Féminin,2015,29,3,24
bsem,150000008909,98,0,2015,16,Féminin,2015,29,0,38
cs8,150000009077,42,0,2015,2.08,Masculin,2015,19,0,0
cs9,150000009077,68,0,2016,7.88,Masculin,2015,19,1,9
cs24,150000009077,88.5,0,2017,13.2,Masculin,2015,19,2,24
bsem,150000009077,103,0,2015,18,Masculin,2015,19,0,38
cs8,150000009142,49,0,2015,3.64,Féminin,2015,31,0,0
cs9,150000009142,74,0,2016,9.36,Féminin,2015,31,1,9
cs24,150000009142,87,0,2017,11.66,Féminin,2015,31,2,24
bsem,150000009142,104,0,2015,14,Féminin,2015,31,0,38
cs8,150000009185,49,0,NA,2.971,Féminin,2015,29,NA,0
cs9,150000009185,66.5,0,2016,6.72,Féminin,2015,29,1,9
cs24,150000009185,81.5,0,2017,9.97,Féminin,2015,29,2,24
bsem,150000009185,93,0,2015,13,Féminin,2015,29,0,38
cs8,150000009251,51.5,0,2015,4.07,Masculin,2015,24,0,0
cs9,150000009251,71.5,0,2016,8.74,Masculin,2015,24,1,9
cs24,150000009251,84,0,2017,10.83,Masculin,2015,24,2,24
bsem,150000009251,93,0,2015,13,Masculin,2015,24,0,38
cs8,150000009338,46,1,2015,2.43,Féminin,2015,39,0,0
cs9,150000009338,67.5,1,2016,7.09,Féminin,2015,39,1,9
cs24,150000009338,87,1,2017,11.04,Féminin,2015,39,2,24
bsem,150000009338,100,1,2015,16,Féminin,2015,39,0,38
cs8,150000009444,50,0,2015,2.95,Féminin,2015,27,0,0
cs9,150000009444,73,0,2016,8.56,Féminin,2015,27,1,9
cs24,150000009444,93,0,2017,13,Féminin,2015,27,2,24
bsem,150000009444,100,0,2015,17,Féminin,2015,27,0,38
cs8,150000009753,45,0,2015,3.15,Masculin,2015,34,0,0
cs9,150000009753,68,0,2016,7.17,Masculin,2015,34,1,9
cs24,150000009753,90,0,2017,11.88,Masculin,2015,34,2,24
bsem,150000009753,101,0,2015,13,Masculin,2015,34,0,38
cs8,150000009808,49,0,2015,3.37,Masculin,2015,33,0,0
cs9,150000009808,69,0,2016,8.41,Masculin,2015,33,1,9
cs24,150000009808,84.5,0,2017,11.7,Masculin,2015,33,2,24
bsem,150000009808,94,0,2015,13,Masculin,2015,33,0,38
cs8,150000010291,48.5,0,2015,3.29,Masculin,2015,23,0,0
cs9,150000010291,70.5,0,2016,8.26,Masculin,2015,23,1,9
cs24,150000010291,85.5,0,2017,11.9,Masculin,2015,23,2,24
bsem,150000010291,103,0,2015,15,Masculin,2015,23,0,38
cs8,150000010921,48,0,2015,2.93,Féminin,2015,27,0,0
cs9,150000010921,68.5,0,2016,7.68,Féminin,2015,27,1,9
cs24,150000010921,85,0,2018,9.9,Féminin,2015,27,3,24
bsem,150000010921,99,0,2015,14,Féminin,2015,27,0,38
cs8,150000010957,51,0,2015,3.09,Féminin,2015,37,0,0
cs9,150000010957,69,0,2016,7.95,Féminin,2015,37,1,9
cs24,150000010957,84,0,2017,10.38,Féminin,2015,37,2,24
bsem,150000010957,94,0,2015,13,Féminin,2015,37,0,38
cs8,160000000018,47.5,0,2016,2.82,Masculin,2016,19,0,0
cs9,160000000018,72,0,2016,8.5,Masculin,2016,19,0,9
cs24,160000000018,82,0,2018,10.6,Masculin,2016,19,2,24
bsem,160000000018,108,0,2015,24,Masculin,2016,19,-1,38
cs8,160000000106,48,0,2016,3.11,Masculin,2016,40,0,0
cs9,160000000106,67,0,2016,7.74,Masculin,2016,40,0,9
cs24,160000000106,81.5,0,2018,10.1,Masculin,2016,40,2,24
bsem,160000000106,103,0,2015,16,Masculin,2016,40,-1,38
cs8,160000000111,52,0,2016,2.88,Féminin,2016,20,0,0
cs9,160000000111,73,0,2016,9,Féminin,2016,20,0,9
cs24,160000000111,90,0,2017,12.05,Féminin,2016,20,1,24
bsem,160000000111,110,0,2015,17,Féminin,2016,20,-1,38
cs8,160000000543,53,0,2016,2.9,Masculin,2016,24,0,0
cs9,160000000543,73,0,2016,9.69,Masculin,2016,24,0,9
cs24,160000000543,90,0,2018,13.41,Masculin,2016,24,2,24
bsem,160000000543,114,0,2015,22,Masculin,2016,24,-1,38
cs8,160000000637,51,0,2016,3.18,Masculin,2016,20,0,0
cs9,160000000637,72.5,0,2016,10.46,Masculin,2016,20,0,9
cs24,160000000637,89.5,0,2018,13.58,Masculin,2016,20,2,24
bsem,160000000637,105,0,2015,18,Masculin,2016,20,-1,38
cs8,160000000645,46.5,0,2016,2.51,Féminin,2016,35,0,0
cs9,160000000645,67,0,2016,7.18,Féminin,2016,35,0,9
cs24,160000000645,81,0,2018,9.65,Féminin,2016,35,2,24
bsem,160000000645,97,0,2015,13,Féminin,2016,35,-1,38
cs8,160000000762,48,0,2016,3.27,Masculin,2016,26,0,0
cs9,160000000762,68,0,2016,8.98,Masculin,2016,26,0,9
cs24,160000000762,83,0,2018,12.4,Masculin,2016,26,2,24
bsem,160000000762,105,0,2015,21,Masculin,2016,26,-1,38
cs8,160000000773,50,0,2016,3.27,Féminin,2016,28,0,0
cs9,160000000773,71,0,2016,9.17,Féminin,2016,28,0,9
cs24,160000000773,88,0,2018,12.68,Féminin,2016,28,2,24
bsem,160000000773,115,0,2015,22,Féminin,2016,28,-1,38
cs8,160000000789,52,0,2016,3.97,Masculin,2016,32,0,0
cs9,160000000789,74,0,2016,9.6,Masculin,2016,32,0,9
cs24,160000000789,88,0,2018,12.45,Masculin,2016,32,2,24
bsem,160000000789,109,0,2015,18,Masculin,2016,32,-1,38
cs8,160000000917,51,0,2016,3.47,Masculin,2016,27,0,0
cs9,160000000917,74,0,2016,10.9,Masculin,2016,27,0,9
cs24,160000000917,91,0,2018,15.04,Masculin,2016,27,2,24
bsem,160000000917,108,0,2015,20,Masculin,2016,27,-1,38
cs8,160000001063,49,0,2016,3.14,Féminin,2016,38,0,0
cs9,160000001063,73.5,0,2016,8.72,Féminin,2016,38,0,9
cs24,160000001063,89,0,2018,12.6,Féminin,2016,38,2,24
bsem,160000001063,114,0,2015,22,Féminin,2016,38,-1,38
cs8,160000001171,50,0,2016,3.65,Féminin,2016,32,0,0
cs9,160000001171,70.5,0,2016,8.58,Féminin,2016,32,0,9
cs24,160000001171,85.5,0,2018,12.44,Féminin,2016,32,2,24
bsem,160000001171,101,0,2015,16,Féminin,2016,32,-1,38
cs8,160000001293,44.5,0,2016,3.1,Féminin,2016,36,0,0
cs9,160000001293,71,0,2016,8.65,Féminin,2016,36,0,9
cs24,160000001293,88.5,0,2018,13.14,Féminin,2016,36,2,24
bsem,160000001293,105,0,2015,18,Féminin,2016,36,-1,38
cs8,160000001356,49,0,2016,3.7,Féminin,2016,34,0,0
cs9,160000001356,69,0,2016,7.71,Féminin,2016,34,0,9
cs24,160000001356,85.5,0,2018,11.4,Féminin,2016,34,2,24
bsem,160000001356,106,0,2015,16,Féminin,2016,34,-1,38
cs8,160000001431,50,0,2016,3.46,Masculin,2016,37,0,0
cs9,160000001431,73,0,2016,9,Masculin,2016,37,0,9
cs24,160000001431,87,0,2018,12.06,Masculin,2016,37,2,24
bsem,160000001431,100,0,2015,16,Masculin,2016,37,-1,38
cs8,160000001531,49.5,0,2016,2.91,Féminin,2016,29,0,0
cs9,160000001531,71,0,NA,8.64,Féminin,2016,29,NA,9
cs24,160000001531,84.5,0,2017,9.87,Féminin,2016,29,1,24
bsem,160000001531,101,0,2015,13,Féminin,2016,29,-1,38
cs8,160000001698,51.5,0,NA,3.7,Masculin,2016,21,NA,0
cs9,160000001698,73,0,NA,8.22,Masculin,2016,21,NA,9
cs24,160000001698,90.5,0,2018,12.1,Masculin,2016,21,2,24
bsem,160000001698,107,0,2015,17,Masculin,2016,21,-1,38
cs8,160000001710,51,0,2016,3.3,Masculin,2016,32,0,0
cs9,160000001710,74.5,0,2016,9.22,Masculin,2016,32,0,9
cs24,160000001710,92,0,2018,14.52,Masculin,2016,32,2,24
bsem,160000001710,110,0,2015,21,Masculin,2016,32,-1,38
cs8,160000001729,51.5,0,NA,3.51,Masculin,2016,29,NA,0
cs9,160000001729,70,0,2016,9.58,Masculin,2016,29,0,9
cs24,160000001729,83.5,0,2018,12.5,Masculin,2016,29,2,24
bsem,160000001729,94,0,2015,15,Masculin,2016,29,-1,38
cs8,160000001734,51.5,0,2016,4.15,Masculin,2016,31,0,0
cs9,160000001734,74,0,2016,9.95,Masculin,2016,31,0,9
cs24,160000001734,91,0,2018,12.8,Masculin,2016,31,2,24
bsem,160000001734,111,0,2015,20,Masculin,2016,31,-1,38
cs8,160000001826,50.5,0,2016,3.46,Féminin,2016,40,0,0
cs9,160000001826,73,0,2016,9.25,Féminin,2016,40,0,9
cs24,160000001826,85.5,0,2018,11.57,Féminin,2016,40,2,24
bsem,160000001826,99,0,2015,16,Féminin,2016,40,-1,38
cs8,160000001845,49,0,2016,3.73,Masculin,2016,34,0,0
cs9,160000001845,75,0,2016,11.56,Masculin,2016,34,0,9
cs24,160000001845,90,0,2018,12.96,Masculin,2016,34,2,24
bsem,160000001845,105,0,2015,16,Masculin,2016,34,-1,38
cs8,160000001877,44,0,2016,2.06,Masculin,2016,41,0,0
cs9,160000001877,70,0,2016,11.55,Masculin,2016,41,0,9
cs24,160000001877,87,0,2018,15.28,Masculin,2016,41,2,24
bsem,160000001877,103,0,2015,17,Masculin,2016,41,-1,38
cs8,160000001925,51,0,NA,2.96,Masculin,2016,30,NA,0
cs9,160000001925,76,0,2016,8.76,Masculin,2016,30,0,9
cs24,160000001925,88,0,2018,11.95,Masculin,2016,30,2,24
bsem,160000001925,111,0,2015,20,Masculin,2016,30,-1,38
cs8,160000001927,49,0,2016,2.49,Masculin,2016,30,0,0
cs9,160000001927,69,0,2016,7.52,Masculin,2016,30,0,9
cs24,160000001927,85,0,2018,9.25,Masculin,2016,30,2,24
bsem,160000001927,99,0,2015,13,Masculin,2016,30,-1,38
cs8,160000001934,50,1,2016,3.42,Masculin,2016,31,0,0
cs9,160000001934,69,1,2016,8.75,Masculin,2016,31,0,9
cs24,160000001934,84,1,2018,10.92,Masculin,2016,31,2,24
bsem,160000001934,108,1,2015,17,Masculin,2016,31,-1,38
cs8,160000001976,50.5,1,NA,3.29,Masculin,2016,29,NA,0
cs9,160000001976,72.9,1,2016,8.72,Masculin,2016,29,0,9
cs24,160000001976,86,2,NA,11.1,Masculin,2016,29,NA,24
bsem,160000001976,102,2,2015,16,Masculin,2016,29,-1,38
cs8,160000002158,52,0,2016,3.72,Masculin,2016,30,0,0
cs9,160000002158,72.5,0,2016,8.95,Masculin,2016,30,0,9
cs24,160000002158,87.5,0,2016,11.85,Masculin,2016,30,0,24
bsem,160000002158,106,0,2015,17,Masculin,2016,30,-1,38
cs8,160000002208,50,0,2016,3.57,Masculin,2016,29,0,0
cs9,160000002208,73.5,0,2016,9.87,Masculin,2016,29,0,9
cs24,160000002208,91,0,2018,13.57,Masculin,2016,29,2,24
bsem,160000002208,114,0,2015,20,Masculin,2016,29,-1,38
cs8,160000002215,50,0,2016,2.95,Masculin,2016,32,0,0
cs9,160000002215,70,0,2016,7.7,Masculin,2016,32,0,9
cs24,160000002215,84.5,0,2018,10,Masculin,2016,32,2,24
bsem,160000002215,103,0,2015,15,Masculin,2016,32,-1,38
cs8,160000002232,51,0,2016,3.53,Masculin,2016,33,0,0
cs9,160000002232,72.5,0,2016,9.94,Masculin,2016,33,0,9
cs24,160000002232,89,0,2018,14.3,Masculin,2016,33,2,24
bsem,160000002232,111,0,2015,24,Masculin,2016,33,-1,38
cs8,160000002411,49,0,2016,2.98,Masculin,2016,28,0,0
cs9,160000002411,72,0,2016,8.37,Masculin,2016,28,0,9
cs24,160000002411,86,0,2018,11.6,Masculin,2016,28,2,24
bsem,160000002411,106,0,2015,18,Masculin,2016,28,-1,38
cs8,160000002658,50,0,2016,3.63,Féminin,2016,29,0,0
cs9,160000002658,72,0,2016,8.15,Féminin,2016,29,0,9
cs24,160000002658,85,0,2018,12.78,Féminin,2016,29,2,24
bsem,160000002658,101,0,2015,15,Féminin,2016,29,-1,38
cs8,160000002787,47,0,2016,2.62,Féminin,2016,32,0,0
cs9,160000002787,68,0,2016,8.62,Féminin,2016,32,0,9
cs24,160000002787,87,0,2018,12.06,Féminin,2016,32,2,24
bsem,160000002787,102,0,2015,15,Féminin,2016,32,-1,38
cs8,160000002847,51,0,2016,2.94,Féminin,2016,29,0,0
cs9,160000002847,74.5,0,2016,8.8,Féminin,2016,29,0,9
cs24,160000002847,87,0,2018,11.7,Féminin,2016,29,2,24
bsem,160000002847,108,0,2015,19,Féminin,2016,29,-1,38
cs8,160000002976,50,0,2016,4.08,Féminin,2016,37,0,0
cs9,160000002976,75,0,2017,10.66,Féminin,2016,37,1,9
cs24,160000002976,93.5,0,2018,16,Féminin,2016,37,2,24
bsem,160000002976,112,0,2015,26,Féminin,2016,37,-1,38
cs8,160000003024,53,0,2016,4.05,Féminin,2016,39,0,0
cs9,160000003024,72,0,2016,8.18,Féminin,2016,39,0,9
cs24,160000003024,91,0,2018,13.96,Féminin,2016,39,2,24
bsem,160000003024,114,0,2015,23,Féminin,2016,39,-1,38
cs8,160000003095,44.5,0,2016,2.19,Féminin,2016,24,0,0
cs9,160000003095,67.5,0,2016,7.04,Féminin,2016,24,0,9
cs24,160000003095,86,0,2018,10.44,Féminin,2016,24,2,24
bsem,160000003095,111,0,2015,24,Féminin,2016,24,-1,38
cs8,160000003145,50.5,0,2016,3.31,Féminin,2016,29,0,0
cs9,160000003145,74,0,2017,10.02,Féminin,2016,29,1,9
cs24,160000003145,91.5,0,2018,14,Féminin,2016,29,2,24
bsem,160000003145,112,0,2015,21,Féminin,2016,29,-1,38
cs8,160000003190,52.5,1,2016,4.05,Féminin,2016,31,0,0
cs9,160000003190,70.5,0,2016,7.71,Féminin,2016,31,0,9
cs24,160000003190,88.5,0,2018,11.4,Féminin,2016,31,2,24
bsem,160000003190,104,0,2015,15,Féminin,2016,31,-1,38
cs8,160000003249,49,0,2016,2.99,Féminin,2016,26,0,0
cs9,160000003249,71,0,2017,8.8,Féminin,2016,26,1,9
cs24,160000003249,89,0,2018,11.14,Féminin,2016,26,2,24
bsem,160000003249,111,0,2015,20,Féminin,2016,26,-1,38
cs8,160000003465,51,0,2016,3.59,Masculin,2016,31,0,0
cs9,160000003465,72.5,0,2017,9.6,Masculin,2016,31,1,9
cs24,160000003465,90.5,0,2018,14.5,Masculin,2016,31,2,24
bsem,160000003465,107,0,2015,18,Masculin,2016,31,-1,38
cs8,160000003557,51,0,2016,2.83,Masculin,2016,21,0,0
cs9,160000003557,73.5,0,2017,9.02,Masculin,2016,21,1,9
cs24,160000003557,89,1,2018,11.9,Masculin,2016,21,2,24
bsem,160000003557,111,1,2015,18,Masculin,2016,21,-1,38
cs8,160000003909,49.5,0,2016,3.47,Féminin,2016,36,0,0
cs9,160000003909,68,0,2017,7.55,Féminin,2016,36,1,9
cs24,160000003909,83,0,2018,10,Féminin,2016,36,2,24
bsem,160000003909,102,0,2015,16,Féminin,2016,36,-1,38
cs8,160000003999,47,0,2016,3.05,Masculin,2016,38,0,0
cs9,160000003999,72,0,2017,8.73,Masculin,2016,38,1,9
cs24,160000003999,88.5,0,2018,11.3,Masculin,2016,38,2,24
bsem,160000003999,106,0,2015,18,Masculin,2016,38,-1,38
cs8,160000004222,48.5,0,2016,3.35,Féminin,2016,30,0,0
cs9,160000004222,66,0,2017,7.4,Féminin,2016,30,1,9
cs24,160000004222,83,0,2018,10.8,Féminin,2016,30,2,24
bsem,160000004222,105,0,2015,16,Féminin,2016,30,-1,38
cs8,160000004553,50,1,2016,3.61,Masculin,2016,31,0,0
cs9,160000004553,71,0,2017,8.68,Masculin,2016,31,1,9
cs24,160000004553,85.5,0,NA,11,Masculin,2016,31,NA,24
bsem,160000004553,107,0,2015,15,Masculin,2016,31,-1,38
cs8,160000004795,50.5,0,2016,3.94,Féminin,2016,32,0,0
cs9,160000004795,68,0,2016,6.48,Féminin,2016,32,0,9
cs24,160000004795,83,0,2018,10.82,Féminin,2016,32,2,24
bsem,160000004795,99,0,2015,14,Féminin,2016,32,-1,38
cs8,160000004825,50,0,2016,3.38,Masculin,2016,34,0,0
cs9,160000004825,74.5,0,2016,9.42,Masculin,2016,34,0,9
cs24,160000004825,87,0,2018,12.28,Masculin,2016,34,2,24
bsem,160000004825,108,0,2015,18,Masculin,2016,34,-1,38
cs8,160000004935,49,0,2016,3.37,Masculin,2016,25,0,0
cs9,160000004935,74,0,2017,9.6,Masculin,2016,25,1,9
cs24,160000004935,88,0,2018,12.6,Masculin,2016,25,2,24
bsem,160000004935,101,0,2015,16,Masculin,2016,25,-1,38
cs8,160000004988,48,0,2016,3.105,Féminin,2016,28,0,0
cs9,160000004988,72.5,0,2017,9.12,Féminin,2016,28,1,9
cs24,160000004988,88,1,2018,13.22,Féminin,2016,28,2,24
bsem,160000004988,103,1,2015,17,Féminin,2016,28,-1,38
cs8,160000005075,52,0,2016,3.51,Féminin,2016,25,0,0
cs9,160000005075,70,0,2017,7.75,Féminin,2016,25,1,9
cs24,160000005075,85,0,2018,11.1,Féminin,2016,25,2,24
bsem,160000005075,100,0,2015,16,Féminin,2016,25,-1,38
cs8,160000005357,44,0,NA,1.78,Féminin,2016,25,NA,0
cs9,160000005357,64.5,0,2017,5.99,Féminin,2016,25,1,9
cs24,160000005357,83.5,0,2018,9.49,Féminin,2016,25,2,24
bsem,160000005357,102,0,2015,13,Féminin,2016,25,-1,38
cs8,160000005427,51,1,2016,4.12,Masculin,2016,41,0,0
cs9,160000005427,71,1,2017,9.53,Masculin,2016,41,1,9
cs24,160000005427,85,1,NA,13,Masculin,2016,41,NA,24
bsem,160000005427,105,1,2015,19,Masculin,2016,41,-1,38
cs8,160000005694,53.5,1,2016,4.34,Masculin,2016,36,0,0
cs9,160000005694,73.5,1,2017,8.42,Masculin,2016,36,1,9
cs24,160000005694,86.5,1,2018,11.26,Masculin,2016,36,2,24
bsem,160000005694,104,1,2015,15,Masculin,2016,36,-1,38
cs8,160000005733,49,0,2016,3.05,Masculin,2016,26,0,0
cs9,160000005733,73.5,0,2017,8.7,Masculin,2016,26,1,9
cs24,160000005733,88,0,2018,11.5,Masculin,2016,26,2,24
bsem,160000005733,108,0,2015,16,Masculin,2016,26,-1,38
cs8,160000005735,52,0,NA,3.04,Masculin,2016,36,NA,0
cs9,160000005735,68.5,0,2017,8.5,Masculin,2016,36,1,9
cs24,160000005735,86,0,NA,11.8,Masculin,2016,36,NA,24
bsem,160000005735,102,0,2015,16,Masculin,2016,36,-1,38
cs8,160000006456,52,0,2016,3.23,Féminin,2016,32,0,0
cs9,160000006456,72.5,0,2017,7.41,Féminin,2016,32,1,9
cs24,160000006456,89.5,0,2018,12.06,Féminin,2016,32,2,24
bsem,160000006456,103,0,2015,16,Féminin,2016,32,-1,38
cs8,160000006632,47,0,2016,3.01,Masculin,2016,31,0,0
cs9,160000006632,72.5,0,2017,8.78,Masculin,2016,31,1,9
cs24,160000006632,87.5,0,2018,12.05,Masculin,2016,31,2,24
bsem,160000006632,98,0,2015,16,Masculin,2016,31,-1,38
cs8,160000006670,54,0,2016,4.4,Masculin,2016,31,0,0
cs9,160000006670,76,0,2017,9.45,Masculin,2016,31,1,9
cs24,160000006670,95,0,2018,13.1,Masculin,2016,31,2,24
bsem,160000006670,117,0,2015,18,Masculin,2016,31,-1,38
cs8,160000006838,50,0,2016,3.34,Masculin,2016,28,0,0
cs9,160000006838,72.5,0,2017,9,Masculin,2016,28,1,9
cs24,160000006838,89.5,0,2018,14,Masculin,2016,28,2,24
bsem,160000006838,107,0,2015,24,Masculin,2016,28,-1,38
cs8,160000006906,50,0,2016,3.46,Féminin,2016,26,0,0
cs9,160000006906,73.5,0,2017,11.48,Féminin,2016,26,1,9
cs24,160000006906,92,0,2018,16,Féminin,2016,26,2,24
bsem,160000006906,115,0,2015,22,Féminin,2016,26,-1,38
cs8,160000006915,45.5,0,2016,2.4,Féminin,2016,30,0,0
cs9,160000006915,71.5,0,2017,8.45,Féminin,2016,30,1,9
cs24,160000006915,89.5,0,2018,12.25,Féminin,2016,30,2,24
bsem,160000006915,102,0,2015,14,Féminin,2016,30,-1,38
cs8,160000006942,47.5,0,2016,3.06,Féminin,2016,42,0,0
cs9,160000006942,70.5,0,2017,8.21,Féminin,2016,42,1,9
cs24,160000006942,85,0,2018,11.12,Féminin,2016,42,2,24
bsem,160000006942,102,0,2015,15,Féminin,2016,42,-1,38
cs8,160000006997,45,0,NA,2.57,Féminin,2016,20,NA,0
cs9,160000006997,67,0,2017,8.3,Féminin,2016,20,1,9
cs24,160000006997,82.5,0,2018,12.48,Féminin,2016,20,2,24
bsem,160000006997,100,0,2015,16,Féminin,2016,20,-1,38
cs8,160000007147,47,0,2016,2.48,Féminin,2016,32,0,0
cs9,160000007147,70.5,0,2017,8.82,Féminin,2016,32,1,9
cs24,160000007147,86,0,2018,12.48,Féminin,2016,32,2,24
bsem,160000007147,100,0,2015,16,Féminin,2016,32,-1,38
cs8,160000007195,50,0,2016,3.15,Féminin,2016,32,0,0
cs9,160000007195,70,0,2017,10.4,Féminin,2016,32,1,9
cs24,160000007195,82,0,2018,12,Féminin,2016,32,2,24
bsem,160000007195,106,0,2015,19,Féminin,2016,32,-1,38
cs8,160000007232,52.5,0,NA,3.42,Féminin,2016,40,NA,0
cs9,160000007232,71,0,2017,8.44,Féminin,2016,40,1,9
cs24,160000007232,88,0,2018,12.32,Féminin,2016,40,2,24
bsem,160000007232,105,0,2015,16,Féminin,2016,40,-1,38
cs8,160000007248,50,0,NA,2.92,Masculin,2016,26,NA,0
cs9,160000007248,70,0,2017,8.01,Masculin,2016,26,1,9
cs24,160000007248,85,0,2018,10.9,Masculin,2016,26,2,24
bsem,160000007248,97,0,2015,13,Masculin,2016,26,-1,38
cs8,160000007290,49,0,2016,2.5,Masculin,2016,36,0,0
cs9,160000007290,75.5,0,2017,8.61,Masculin,2016,36,1,9
cs24,160000007290,89,0,2018,12.6,Masculin,2016,36,2,24
bsem,160000007290,112,0,2015,19,Masculin,2016,36,-1,38
cs8,160000007291,51.5,0,2016,2.75,Masculin,2016,36,0,0
cs9,160000007291,71.5,0,2017,9.08,Masculin,2016,36,1,9
cs24,160000007291,91,0,2018,12.5,Masculin,2016,36,2,24
bsem,160000007291,115,0,2015,21,Masculin,2016,36,-1,38
cs8,160000007363,43,0,2016,2.14,Masculin,2016,28,0,0
cs9,160000007363,71,0,2017,8.63,Masculin,2016,28,1,9
cs24,160000007363,86,0,2018,12.45,Masculin,2016,28,2,24
bsem,160000007363,105,0,2015,17,Masculin,2016,28,-1,38
cs8,160000007364,43,0,2016,2.2,Masculin,2016,28,0,0
cs9,160000007364,71,0,2017,8.51,Masculin,2016,28,1,9
cs24,160000007364,85.5,0,2018,12.15,Masculin,2016,28,2,24
bsem,160000007364,103,0,2015,16,Masculin,2016,28,-1,38
cs8,160000007527,52,0,2016,4.2,Féminin,2016,29,0,0
cs9,160000007527,70.5,0,2017,7.63,Féminin,2016,29,1,9
cs24,160000007527,84.5,0,2018,11,Féminin,2016,29,2,24
bsem,160000007527,98,0,2015,14,Féminin,2016,29,-1,38
cs8,160000007574,48.5,0,2016,3.6,Féminin,2016,34,0,0
cs9,160000007574,68,0,2017,8.8,Féminin,2016,34,1,9
cs24,160000007574,85,0,2018,13.18,Féminin,2016,34,2,24
bsem,160000007574,96,0,2015,16,Féminin,2016,34,-1,38
cs8,160000007575,52.5,0,2016,3.88,Masculin,2016,31,0,0
cs9,160000007575,74,0,2017,10.6,Masculin,2016,31,1,9
cs24,160000007575,94,0,2018,16,Masculin,2016,31,2,24
bsem,160000007575,106,0,2015,20,Masculin,2016,31,-1,38
cs8,160000007745,51,0,2016,4.08,Masculin,2016,29,0,0
cs9,160000007745,76,0,2017,12.91,Masculin,2016,29,1,9
cs24,160000007745,89.5,0,2018,14.43,Masculin,2016,29,2,24
bsem,160000007745,107,0,2015,19,Masculin,2016,29,-1,38
cs8,160000007751,49,0,2016,3.21,Féminin,2016,26,0,0
cs9,160000007751,73,0,2017,9.45,Féminin,2016,26,1,9
cs24,160000007751,85,0,2018,12.56,Féminin,2016,26,2,24
bsem,160000007751,102,0,2015,19,Féminin,2016,26,-1,38
cs8,160000007814,50,0,2016,4.05,Féminin,2016,33,0,0
cs9,160000007814,69,0,2017,8.2,Féminin,2016,33,1,9
cs24,160000007814,82.5,0,2018,11.9,Féminin,2016,33,2,24
bsem,160000007814,95,0,2015,15,Féminin,2016,33,-1,38
cs8,160000008053,53,1,2016,3.94,Masculin,2016,42,0,0
cs9,160000008053,72.5,1,2017,10,Masculin,2016,42,1,9
cs24,160000008053,93.5,1,2018,13.9,Masculin,2016,42,2,24
bsem,160000008053,112,1,2015,21,Masculin,2016,42,-1,38
cs8,160000008246,53,0,NA,4.11,Masculin,2016,25,NA,0
cs9,160000008246,74,0,2017,11.62,Masculin,2016,25,1,9
cs24,160000008246,90,0,2018,14.5,Masculin,2016,25,2,24
bsem,160000008246,110,0,2015,20,Masculin,2016,25,-1,38
cs8,160000008372,50.5,1,2016,3.24,Masculin,2016,34,0,0
cs9,160000008372,71,1,2017,9.72,Masculin,2016,34,1,9
cs24,160000008372,87.5,1,2018,12.66,Masculin,2016,34,2,24
bsem,160000008372,107,1,2015,18,Masculin,2016,34,-1,38
cs8,160000008423,48,0,2016,2.82,Masculin,2016,21,0,0
cs9,160000008423,69.5,0,2017,8.6,Masculin,2016,21,1,9
cs24,160000008423,88.5,0,2018,13.25,Masculin,2016,21,2,24
bsem,160000008423,105,0,2015,18,Masculin,2016,21,-1,38
cs8,160000008469,53,0,2016,3.92,Masculin,2016,34,0,0
cs9,160000008469,74,0,2017,9.59,Masculin,2016,34,1,9
cs24,160000008469,90,0,2018,12.57,Masculin,2016,34,2,24
bsem,160000008469,104,0,2015,17,Masculin,2016,34,-1,38
cs8,160000008577,51,1,NA,3.17,Masculin,2016,35,NA,0
cs9,160000008577,68,1,2017,8.54,Masculin,2016,35,1,9
cs24,160000008577,85,1,NA,11.5,Masculin,2016,35,NA,24
bsem,160000008577,97,1,2015,15,Masculin,2016,35,-1,38
cs8,160000008971,49,0,NA,3.16,Féminin,2016,39,NA,0
cs9,160000008971,66,0,2017,6.03,Féminin,2016,39,1,9
cs24,160000008971,82.5,0,2018,10.58,Féminin,2016,39,2,24
bsem,160000008971,97,0,2015,14,Féminin,2016,39,-1,38
cs8,160000009019,54,0,NA,4.15,Masculin,2016,31,NA,0
cs9,160000009019,72.5,0,2017,8.54,Masculin,2016,31,1,9
cs24,160000009019,87,0,2018,11.44,Masculin,2016,31,2,24
bsem,160000009019,101,0,2015,16,Masculin,2016,31,-1,38
cs8,160000009195,46,0,2016,2.07,Masculin,2016,34,0,0
cs9,160000009195,70,0,2017,9.38,Masculin,2016,34,1,9
cs24,160000009195,85,0,2018,11.34,Masculin,2016,34,2,24
bsem,160000009195,99,0,2015,15,Masculin,2016,34,-1,38
cs8,160000009221,47,0,2016,2.45,Féminin,2016,29,0,0
cs9,160000009221,69,0,2017,7.77,Féminin,2016,29,1,9
cs24,160000009221,86,0,2018,10.3,Féminin,2016,29,2,24
bsem,160000009221,104,0,2015,14,Féminin,2016,29,-1,38
cs8,160000009287,51,0,2016,3.33,Féminin,2016,25,0,0
cs9,160000009287,71.5,0,2017,7.45,Féminin,2016,25,1,9
cs24,160000009287,88,0,2018,10.32,Féminin,2016,25,2,24
bsem,160000009287,108,0,2015,15,Féminin,2016,25,-1,38
cs8,160000009343,52,0,NA,3.12,Masculin,2016,27,NA,0
cs9,160000009343,71,0,2017,8.15,Masculin,2016,27,1,9
cs24,160000009343,88.5,0,2018,11.2,Masculin,2016,27,2,24
bsem,160000009343,106,0,2015,17,Masculin,2016,27,-1,38
cs8,160000009469,49,0,2016,2.54,Féminin,2016,38,0,0
cs9,160000009469,69,0,2017,7.5,Féminin,2016,38,1,9
cs24,160000009469,85.5,0,2018,11.25,Féminin,2016,38,2,24
bsem,160000009469,101,0,2015,15,Féminin,2016,38,-1,38
cs8,160000009567,53.5,0,2016,3.52,Masculin,2016,37,0,0
cs9,160000009567,71.5,0,2017,8.82,Masculin,2016,37,1,9
cs24,160000009567,90,0,2018,14.4,Masculin,2016,37,2,24
bsem,160000009567,102,0,2015,18,Masculin,2016,37,-1,38
cs8,160000009976,50,1,2016,3.5,Masculin,2016,39,0,0
cs9,160000009976,76.5,1,2017,9.64,Masculin,2016,39,1,9
cs24,160000009976,93,1,2018,13.66,Masculin,2016,39,2,24
bsem,160000009976,108,1,2015,19,Masculin,2016,39,-1,38
cs8,160000009977,48,0,2016,3.45,Féminin,2016,22,0,0
cs9,160000009977,71,0,2017,8.48,Féminin,2016,22,1,9
cs24,160000009977,88.5,0,2018,12.48,Féminin,2016,22,2,24
bsem,160000009977,103,0,2015,17,Féminin,2016,22,-1,38
cs8,160000010134,50,0,2016,3.89,Masculin,2016,29,0,0
cs9,160000010134,74.5,0,2017,9.56,Masculin,2016,29,1,9
cs24,160000010134,90.5,0,2018,13.78,Masculin,2016,29,2,24
bsem,160000010134,102,0,2015,17,Masculin,2016,29,-1,38
cs8,160000010159,47.5,0,2016,3.29,Féminin,2016,29,0,0
cs9,160000010159,70,0,2017,7.84,Féminin,2016,29,1,9
cs24,160000010159,88.5,0,2018,11.2,Féminin,2016,29,2,24
bsem,160000010159,105,0,2015,16,Féminin,2016,29,-1,38
cs8,160000010233,47,0,2016,2.74,Féminin,2016,35,0,0
cs9,160000010233,69.5,0,2017,8.09,Féminin,2016,35,1,9
cs24,160000010233,86.5,0,2018,10.7,Féminin,2016,35,2,24
bsem,160000010233,99,0,2015,15,Féminin,2016,35,-1,38
cs8,160000010305,49,0,2016,3.21,Féminin,2016,31,0,0
cs9,160000010305,66.5,0,2017,8,Féminin,2016,31,1,9
cs24,160000010305,81,0,2018,9.35,Féminin,2016,31,2,24
bsem,160000010305,98,0,2015,13,Féminin,2016,31,-1,38
cs8,160000010413,49,0,2016,3.18,Masculin,2016,35,0,0
cs9,160000010413,72.5,0,2017,8.5,Masculin,2016,35,1,9
cs24,160000010413,90.5,0,2018,11.63,Masculin,2016,35,2,24
bsem,160000010413,98,0,2015,15,Masculin,2016,35,-1,38
cs8,160000010429,49.5,1,2016,3.42,Masculin,2016,25,0,0
cs9,160000010429,70,1,NA,8.69,Masculin,2016,25,NA,9
cs24,160000010429,86,1,2018,12.26,Masculin,2016,25,2,24
bsem,160000010429,105,1,2015,18,Masculin,2016,25,-1,38
cs8,160000010472,52,0,NA,4.07,Masculin,2016,36,NA,0
cs9,160000010472,72.5,0,2017,11.49,Masculin,2016,36,1,9
cs24,160000010472,89,0,2018,15,Masculin,2016,36,2,24
bsem,160000010472,106,0,2015,22,Masculin,2016,36,-1,38
cs8,160000010483,51,0,NA,3.47,Féminin,2016,29,NA,0
cs9,160000010483,69.5,0,2017,7.35,Féminin,2016,29,1,9
cs24,160000010483,85,0,2018,11.06,Féminin,2016,29,2,24
bsem,160000010483,95,0,2015,14,Féminin,2016,29,-1,38
cs8,160000010631,48.5,1,2016,2.88,Masculin,2016,29,0,0
cs9,160000010631,72,1,2017,9.55,Masculin,2016,29,1,9
cs24,160000010631,92,1,2018,13.5,Masculin,2016,29,2,24
bsem,160000010631,103,1,2015,16,Masculin,2016,29,-1,38
cs8,160000010673,47,0,2016,3.17,Masculin,2016,33,0,0
cs9,160000010673,76,0,2017,10.6,Masculin,2016,33,1,9
cs24,160000010673,91.5,0,2018,14.23,Masculin,2016,33,2,24
bsem,160000010673,110,0,2015,21,Masculin,2016,33,-1,38
cs8,160000010807,53,1,NA,3.85,Féminin,2016,34,NA,0
cs9,160000010807,72,1,2017,8.9,Féminin,2016,34,1,9
cs24,160000010807,89,1,2018,13.25,Féminin,2016,34,2,24
bsem,160000010807,108,1,2015,18,Féminin,2016,34,-1,38
cs8,160000011084,50,0,2016,3.56,Masculin,2016,20,0,0
cs9,160000011084,67,0,2017,7.45,Masculin,2016,20,1,9
cs24,160000011084,80,0,2018,10.21,Masculin,2016,20,2,24
bsem,160000011084,99,0,2015,17,Masculin,2016,20,-1,38
cs8,160000011283,51,0,2016,3.64,Féminin,2016,22,0,0
cs9,160000011283,75,0,2017,10.24,Féminin,2016,22,1,9
cs24,160000011283,89,0,2018,13.1,Féminin,2016,22,2,24
bsem,160000011283,106,0,2015,18,Féminin,2016,22,-1,38
cs8,160000011299,44.5,0,2016,2.14,Féminin,2016,35,0,0
cs9,160000011299,71,0,2017,8.12,Féminin,2016,35,1,9
cs24,160000011299,89,0,2018,12.7,Féminin,2016,35,2,24
bsem,160000011299,99,0,2015,16,Féminin,2016,35,-1,38
cs8,160000011300,47,0,2016,2.54,Masculin,2016,35,0,0
cs9,160000011300,72,0,2017,8.46,Masculin,2016,35,1,9
cs24,160000011300,91.5,0,2018,12,Masculin,2016,35,2,24
bsem,160000011300,101,0,2015,15,Masculin,2016,35,-1,38
cs8,160000011323,47,0,2016,2.81,Masculin,2016,27,0,0
cs9,160000011323,71,0,2017,8.63,Masculin,2016,27,1,9
cs24,160000011323,82,0,2018,11.96,Masculin,2016,27,2,24
bsem,160000011323,95,0,2015,14,Masculin,2016,27,-1,38
cs8,160000011364,49,0,NA,3.44,Féminin,2016,22,NA,0
cs9,160000011364,77.5,0,2017,10.68,Féminin,2016,22,1,9
cs24,160000011364,95,0,2018,16,Féminin,2016,22,2,24
bsem,160000011364,104,0,2015,21,Féminin,2016,22,-1,38
cs8,160000011417,51,0,2016,3.5,Masculin,2016,31,0,0
cs9,160000011417,71,0,2017,8.46,Masculin,2016,31,1,9
cs24,160000011417,85,0,2018,10.9,Masculin,2016,31,2,24
bsem,160000011417,100,0,2015,13,Masculin,2016,31,-1,38
cs8,160000011777,50,0,2016,3.18,Féminin,2016,30,0,0
cs9,160000011777,76,0,2017,9.45,Féminin,2016,30,1,9
cs24,160000011777,91,0,NA,13.8,Féminin,2016,30,NA,24
bsem,160000011777,111,0,2015,23,Féminin,2016,30,-1,38
cs8,160000011879,46,0,2016,2.75,Féminin,2016,31,0,0
cs9,160000011879,65.5,0,2017,7.2,Féminin,2016,31,1,9
cs24,160000011879,79.5,0,2018,9.54,Féminin,2016,31,2,24
bsem,160000011879,94,0,2015,13,Féminin,2016,31,-1,38
cs8,160000011985,52,0,NA,3.12,Féminin,2016,45,NA,0
cs9,160000011985,70,0,2017,7.52,Féminin,2016,45,1,9
cs24,160000011985,84,0,2018,10.07,Féminin,2016,45,2,24
bsem,160000011985,93,0,2015,12,Féminin,2016,45,-1,38
cs8,160000012071,47,0,2016,2.75,Féminin,2016,34,0,0
cs9,160000012071,70,0,2017,9.25,Féminin,2016,34,1,9
cs24,160000012071,85,0,2018,11.7,Féminin,2016,34,2,24
bsem,160000012071,103,0,2015,16,Féminin,2016,34,-1,38
cs8,160000012579,53,0,2016,3.54,Masculin,2016,36,0,0
cs9,160000012579,72,0,2017,8.9,Masculin,2016,36,1,9
cs24,160000012579,85.1,0,2018,13,Masculin,2016,36,2,24
bsem,160000012579,100,0,2015,15,Masculin,2016,36,-1,38
cs8,160000012618,51,0,2016,3.78,Masculin,2016,28,0,0
cs9,160000012618,73,0,2017,9.09,Masculin,2016,28,1,9
cs24,160000012618,91,0,2018,14,Masculin,2016,28,2,24
bsem,160000012618,100,0,2015,16,Masculin,2016,28,-1,38
cs8,160000012631,49,0,2016,3.48,Féminin,2016,38,0,0
cs9,160000012631,70,0,2017,7.8,Féminin,2016,38,1,9
cs24,160000012631,87,0,2018,12.34,Féminin,2016,38,2,24
bsem,160000012631,104,0,2015,17,Féminin,2016,38,-1,38
cs8,160000012664,53.5,2,2016,3.71,Féminin,2016,34,0,0
cs9,160000012664,73,2,2017,9.76,Féminin,2016,34,1,9
cs24,160000012664,91,2,2018,14,Féminin,2016,34,2,24
bsem,160000012664,105,2,2015,18,Féminin,2016,34,-1,38
cs8,160000012677,40,0,2016,1.41,Masculin,2016,31,0,0
cs9,160000012677,72,0,2017,9.45,Masculin,2016,31,1,9
cs24,160000012677,93.5,0,2018,13.28,Masculin,2016,31,2,24
bsem,160000012677,111,0,2015,18,Masculin,2016,31,-1,38
cs8,160000012730,51,0,2016,3.54,Féminin,2016,36,0,0
cs9,160000012730,70.5,0,2017,6.85,Féminin,2016,36,1,9
cs24,160000012730,85,0,2018,11,Féminin,2016,36,2,24
bsem,160000012730,100,0,2015,15,Féminin,2016,36,-1,38
cs8,160000012786,50,0,2016,3.58,Masculin,2016,26,0,0
cs9,160000012786,71,0,2017,7.89,Masculin,2016,26,1,9
cs24,160000012786,86,0,2018,10.6,Masculin,2016,26,2,24
bsem,160000012786,100,0,2015,14,Masculin,2016,26,-1,38
cs8,160000012847,52.5,0,2016,3.25,Féminin,2016,29,0,0
cs9,160000012847,72,0,2017,9.6,Féminin,2016,29,1,9
cs24,160000012847,87.5,0,2019,13.6,Féminin,2016,29,3,24
bsem,160000012847,103,0,2015,18,Féminin,2016,29,-1,38
cs8,160000012890,52,0,2016,3.62,Masculin,2016,35,0,0
cs9,160000012890,75.5,0,2017,10.78,Masculin,2016,35,1,9
cs24,160000012890,89,0,2018,14,Masculin,2016,35,2,24
bsem,160000012890,105,0,2015,18,Masculin,2016,35,-1,38
cs8,160000012898,43,0,2016,2.63,Féminin,2016,29,0,0
cs9,160000012898,71,0,2017,9.04,Féminin,2016,29,1,9
cs24,160000012898,90,0,2019,12.7,Féminin,2016,29,3,24
bsem,160000012898,106,0,2015,17,Féminin,2016,29,-1,38
cs8,160000012935,50,1,2016,3.66,Féminin,2016,22,0,0
cs9,160000012935,72,1,2017,8.95,Féminin,2016,22,1,9
cs24,160000012935,83.5,1,2018,12.78,Féminin,2016,22,2,24
bsem,160000012935,94,1,2015,15,Féminin,2016,22,-1,38
cs8,160000012978,46,0,2016,2.48,Féminin,2016,42,0,0
cs9,160000012978,70,0,2017,7.07,Féminin,2016,42,1,9
cs24,160000012978,82,0,2018,10,Féminin,2016,42,2,24
bsem,160000012978,101,0,2015,14,Féminin,2016,42,-1,38
cs8,160000013022,50,0,2016,3.42,Féminin,2016,29,0,0
cs9,160000013022,73.5,0,2017,9.6,Féminin,2016,29,1,9
cs24,160000013022,91,0,2019,14,Féminin,2016,29,3,24
bsem,160000013022,99,0,2015,17,Féminin,2016,29,-1,38
cs8,160000013178,51,0,2016,3.77,Masculin,2016,35,0,0
cs9,160000013178,73.5,0,2017,10.6,Masculin,2016,35,1,9
cs24,160000013178,90.2,0,2018,14.2,Masculin,2016,35,2,24
bsem,160000013178,108,0,2015,19,Masculin,2016,35,-1,38
cs8,160000013197,49,0,2016,2.87,Féminin,2016,39,0,0
cs9,160000013197,73,0,2017,9.2,Féminin,2016,39,1,9
cs24,160000013197,93,0,2018,14.6,Féminin,2016,39,2,24
bsem,160000013197,113,0,2015,21,Féminin,2016,39,-1,38
cs8,160000013198,49.5,0,2016,3.08,Masculin,2016,39,0,0
cs9,160000013198,73,0,2017,9.3,Masculin,2016,39,1,9
cs24,160000013198,92,0,2018,13.2,Masculin,2016,39,2,24
bsem,160000013198,115,0,2015,20,Masculin,2016,39,-1,38
cs8,160000013315,49,0,NA,2.72,Féminin,2016,32,NA,0
cs9,160000013315,71.5,0,2017,8.13,Féminin,2016,32,1,9
cs24,160000013315,86,0,2018,11.3,Féminin,2016,32,2,24
bsem,160000013315,94,0,2015,13,Féminin,2016,32,-1,38
cs8,160000013360,51.5,0,2016,3.85,Masculin,2016,35,0,0
cs9,160000013360,78,0,2017,9.1,Masculin,2016,35,1,9
cs24,160000013360,92,0,2018,14,Masculin,2016,35,2,24
bsem,160000013360,106,0,2015,19,Masculin,2016,35,-1,38
cs8,160000013364,46.5,0,2016,2.91,Féminin,2016,37,0,0
cs9,160000013364,63,0,2017,8.38,Féminin,2016,37,1,9
cs24,160000013364,80,0,2018,11.9,Féminin,2016,37,2,24
bsem,160000013364,98,0,2015,17,Féminin,2016,37,-1,38
cs8,160000013369,51,0,2016,3.91,Masculin,2016,22,0,0
cs9,160000013369,70,0,NA,8.7,Masculin,2016,22,NA,9
cs24,160000013369,85,0,2018,10.85,Masculin,2016,22,2,24
bsem,160000013369,92,0,2015,14,Masculin,2016,22,-1,38
cs8,160000013441,54,0,2016,3.74,Masculin,2016,29,0,0
cs9,160000013441,75,0,2017,9.45,Masculin,2016,29,1,9
cs24,160000013441,86,0,2018,12.2,Masculin,2016,29,2,24
bsem,160000013441,102,0,2015,16,Masculin,2016,29,-1,38
cs8,160000013479,49.5,0,2016,3.34,Féminin,2016,30,0,0
cs9,160000013479,72.5,0,2017,8.7,Féminin,2016,30,1,9
cs24,160000013479,91,0,2018,12.2,Féminin,2016,30,2,24
bsem,160000013479,104,0,2015,16,Féminin,2016,30,-1,38
cs8,160000013507,51,0,2016,3.22,Féminin,2016,23,0,0
cs9,160000013507,74,0,2017,9.5,Féminin,2016,23,1,9
cs24,160000013507,87.5,0,2018,12.2,Féminin,2016,23,2,24
bsem,160000013507,103,0,2015,15,Féminin,2016,23,-1,38
cs8,160000013583,51,0,2016,3.56,Masculin,2016,33,0,0
cs9,160000013583,73,0,2017,8.34,Masculin,2016,33,1,9
cs24,160000013583,84,0,2018,10.56,Masculin,2016,33,2,24
bsem,160000013583,95,0,2015,13,Masculin,2016,33,-1,38
cs8,160000013606,50,0,2016,3.81,Masculin,2016,30,0,0
cs9,160000013606,74,0,2017,9.56,Masculin,2016,30,1,9
cs24,160000013606,88,0,2018,13.5,Masculin,2016,30,2,24
bsem,160000013606,107,0,2015,18,Masculin,2016,30,-1,38
cs8,160000013814,50.5,0,2016,3.68,Féminin,2016,35,0,0
cs9,160000013814,71.5,0,2017,7.98,Féminin,2016,35,1,9
cs24,160000013814,84.5,0,2018,11.7,Féminin,2016,35,2,24
bsem,160000013814,94,0,2015,14,Féminin,2016,35,-1,38
cs8,160000013940,51,0,NA,3.36,Féminin,2016,23,NA,0
cs9,160000013940,73.5,0,2017,10.32,Féminin,2016,23,1,9
cs24,160000013940,88,0,2018,14,Féminin,2016,23,2,24
bsem,160000013940,100,0,2015,16,Féminin,2016,23,-1,38
cs8,160000013942,49,0,2016,3.6,Féminin,2016,28,0,0
cs9,160000013942,70.5,0,2017,10.34,Féminin,2016,28,1,9
cs24,160000013942,85,0,2017,12.16,Féminin,2016,28,1,24
bsem,160000013942,101,0,2015,17,Féminin,2016,28,-1,38
cs8,160000014075,51.5,0,2016,3.19,Masculin,2016,31,0,0
cs9,160000014075,73,0,2017,8.35,Masculin,2016,31,1,9
cs24,160000014075,88,0,2018,12,Masculin,2016,31,2,24
bsem,160000014075,102,0,2015,16,Masculin,2016,31,-1,38
cs8,160000014110,53,0,2016,3.5,Masculin,2016,30,0,0
cs9,160000014110,73.5,0,2017,10.1,Masculin,2016,30,1,9
cs24,160000014110,89.5,0,2018,13.16,Masculin,2016,30,2,24
bsem,160000014110,96,0,2015,15,Masculin,2016,30,-1,38
cs8,160000014209,47.5,0,2016,2.78,Féminin,2016,32,0,0
cs9,160000014209,69,0,2017,6.855,Féminin,2016,32,1,9
cs24,160000014209,84.5,0,2018,9.93,Féminin,2016,32,2,24
bsem,160000014209,100,0,2015,13,Féminin,2016,32,-1,38
cs8,160000014259,51,0,NA,3.02,Masculin,2016,31,NA,0
cs9,160000014259,73.5,0,2017,8.1,Masculin,2016,31,1,9
cs24,160000014259,90,0,2019,13,Masculin,2016,31,3,24
bsem,160000014259,106,0,2015,18,Masculin,2016,31,-1,38
cs8,160000014359,50,0,2016,3.36,Féminin,2016,36,0,0
cs9,160000014359,70.5,0,2017,9,Féminin,2016,36,1,9
cs24,160000014359,89,0,2019,12.4,Féminin,2016,36,3,24
bsem,160000014359,98,0,2015,15,Féminin,2016,36,-1,38
cs8,160000014497,51,0,2016,4.12,Masculin,2016,30,0,0
cs9,160000014497,73.5,0,2017,11.06,Masculin,2016,30,1,9
cs24,160000014497,89,0,2018,14.74,Masculin,2016,30,2,24
bsem,160000014497,104,0,2015,21,Masculin,2016,30,-1,38
cs8,160000014524,46,0,2016,2.31,Féminin,2016,30,0,0
cs9,160000014524,69.5,0,2017,8.03,Féminin,2016,30,1,9
cs24,160000014524,83.5,0,2018,11.5,Féminin,2016,30,2,24
bsem,160000014524,90,0,2015,13,Féminin,2016,30,-1,38
cs8,160000014525,49.5,0,2016,2.82,Féminin,2016,30,0,0
cs9,160000014525,68,0,2017,8.2,Féminin,2016,30,1,9
cs24,160000014525,89,0,2018,11.8,Féminin,2016,30,2,24
bsem,160000014525,97,0,2015,14,Féminin,2016,30,-1,38
cs8,160000014602,51,1,2016,3.69,Masculin,2016,34,0,0
cs9,160000014602,70,1,2017,10.2,Masculin,2016,34,1,9
cs24,160000014602,88.5,1,2018,12.81,Masculin,2016,34,2,24
bsem,160000014602,104,1,2015,16,Masculin,2016,34,-1,38
cs8,160000014695,48,0,2016,2.85,Féminin,2016,28,0,0
cs9,160000014695,68.5,0,2017,7.13,Féminin,2016,28,1,9
cs24,160000014695,83,0,2018,10.08,Féminin,2016,28,2,24
bsem,160000014695,102,0,2015,15,Féminin,2016,28,-1,38
cs8,160000014722,51,1,2016,3.62,Féminin,2016,35,0,0
cs9,160000014722,72,1,2017,8.15,Féminin,2016,35,1,9
cs24,160000014722,86.5,1,2018,10.87,Féminin,2016,35,2,24
bsem,160000014722,97,1,2015,12,Féminin,2016,35,-1,38
cs8,160000014724,52,1,2016,4.38,Masculin,2016,34,0,0
cs9,160000014724,72,1,2017,9.56,Masculin,2016,34,1,9
cs24,160000014724,85,1,2018,12.75,Masculin,2016,34,2,24
bsem,160000014724,95,1,2015,15,Masculin,2016,34,-1,38
cs8,160000014743,47.5,0,2016,2.73,Féminin,2016,30,0,0
cs9,160000014743,68,0,2017,7.78,Féminin,2016,30,1,9
cs24,160000014743,82,0,2018,10.5,Féminin,2016,30,2,24
bsem,160000014743,96,0,2015,15,Féminin,2016,30,-1,38
cs8,160000014752,50,0,2016,3.02,Masculin,2016,34,0,0
cs9,160000014752,72,0,2017,7.2,Masculin,2016,34,1,9
cs24,160000014752,86.5,0,2018,9.8,Masculin,2016,34,2,24
bsem,160000014752,102,0,2015,13,Masculin,2016,34,-1,38
cs8,160000014784,47.5,0,2016,2.58,Féminin,2016,34,0,0
cs9,160000014784,67,0,NA,8.34,Féminin,2016,34,NA,9
cs24,160000014784,83,0,2018,10.14,Féminin,2016,34,2,24
bsem,160000014784,92,0,2015,13,Féminin,2016,34,-1,38
cs8,160000014799,45,0,2016,1.97,Féminin,2016,29,0,0
cs9,160000014799,68.5,0,2017,7.5,Féminin,2016,29,1,9
cs24,160000014799,86,0,2018,11.5,Féminin,2016,29,2,24
bsem,160000014799,105,0,2015,15,Féminin,2016,29,-1,38
cs8,160000014807,50.5,1,2016,3.51,Féminin,2016,26,0,0
cs9,160000014807,72,1,2017,7.9,Féminin,2016,26,1,9
cs24,160000014807,86,1,2019,12,Féminin,2016,26,3,24
bsem,160000014807,104,1,2015,16,Féminin,2016,26,-1,38
cs8,160000014830,47,0,2016,2.77,Féminin,2016,33,0,0
cs9,160000014830,70,0,2017,8.85,Féminin,2016,33,1,9
cs24,160000014830,84,0,2018,12.2,Féminin,2016,33,2,24
bsem,160000014830,106,0,2015,17,Féminin,2016,33,-1,38
cs8,160000014905,48,1,2016,3.01,Féminin,2016,26,0,0
cs9,160000014905,67.5,1,2017,8.8,Féminin,2016,26,1,9
cs24,160000014905,85.5,1,2018,12.2,Féminin,2016,26,2,24
bsem,160000014905,96,1,2015,15,Féminin,2016,26,-1,38
cs8,160000014914,51,0,2016,3.68,Masculin,2016,21,0,0
cs9,160000014914,73,0,2017,8.34,Masculin,2016,21,1,9
cs24,160000014914,89,0,2018,12,Masculin,2016,21,2,24
bsem,160000014914,100,0,2015,15,Masculin,2016,21,-1,38
cs8,160000015037,43,0,2016,1.21,Féminin,2016,31,0,0
cs9,160000015037,72.5,0,2017,9.56,Féminin,2016,31,1,9
cs24,160000015037,92,0,2016,13.67,Féminin,2016,31,0,24
bsem,160000015037,105,0,2015,18,Féminin,2016,31,-1,38
cs8,160000015305,49,0,2016,3.11,Masculin,2016,26,0,0
cs9,160000015305,70,0,NA,8.79,Masculin,2016,26,NA,9
cs24,160000015305,90,0,2019,13.7,Masculin,2016,26,3,24
bsem,160000015305,96,0,2015,15,Masculin,2016,26,-1,38
cs8,170000000036,48,0,NA,2.48,Masculin,2017,47,NA,0
cs9,170000000036,68,0,2017,7.23,Masculin,2017,47,0,9
cs24,170000000036,79,0,2019,10.22,Masculin,2017,47,2,24
bsem,170000000036,100,0,2015,17,Masculin,2017,47,-2,38
cs8,170000000180,55,0,NA,3.96,Masculin,2017,37,NA,0
cs9,170000000180,76,0,2017,10.087,Masculin,2017,37,0,9
cs24,170000000180,92,0,2019,14.6,Masculin,2017,37,2,24
bsem,170000000180,109,0,2015,19,Masculin,2017,37,-2,38
cs8,170000000194,51,0,NA,2.98,Féminin,2017,25,NA,0
cs9,170000000194,70,0,2017,8.22,Féminin,2017,25,0,9
cs24,170000000194,86,0,2019,12,Féminin,2017,25,2,24
bsem,170000000194,104,0,2015,18,Féminin,2017,25,-2,38
cs8,170000000352,53,0,2017,3.6,Masculin,2017,37,0,0
cs9,170000000352,76.5,0,2017,10.9,Masculin,2017,37,0,9
cs24,170000000352,91,0,2019,13.9,Masculin,2017,37,2,24
bsem,170000000352,113,0,2015,21,Masculin,2017,37,-2,38
cs8,170000000798,52,0,2017,3.54,Féminin,2017,35,0,0
cs9,170000000798,73,0,2017,9.74,Féminin,2017,35,0,9
cs24,170000000798,87,0,2018,13.22,Féminin,2017,35,1,24
bsem,170000000798,106,2,2015,17,Féminin,2017,35,-2,38
cs8,170000000950,50,0,2017,3.28,Féminin,2017,28,0,0
cs9,170000000950,66.5,0,2017,7.63,Féminin,2017,28,0,9
cs24,170000000950,84,0,2019,11.45,Féminin,2017,28,2,24
bsem,170000000950,102,0,2015,17,Féminin,2017,28,-2,38
cs8,170000001115,39,0,2017,1.53,Féminin,2017,34,0,0
cs9,170000001115,63,0,2017,6.55,Féminin,2017,34,0,9
cs24,170000001115,80,0,2019,9.45,Féminin,2017,34,2,24
bsem,170000001115,100,0,2015,13,Féminin,2017,34,-2,38
cs8,170000001328,48.5,0,NA,2.765,Masculin,2017,27,NA,0
cs9,170000001328,73.5,0,2017,9.11,Masculin,2017,27,0,9
cs24,170000001328,91,0,2019,12.6,Masculin,2017,27,2,24
bsem,170000001328,107,0,2015,17,Masculin,2017,27,-2,38
cs8,170000001407,51,0,2017,3.05,Féminin,2017,25,0,0
cs9,170000001407,71.5,0,2017,7.72,Féminin,2017,25,0,9
cs24,170000001407,81,0,2019,9.8,Féminin,2017,25,2,24
bsem,170000001407,97,0,2015,14,Féminin,2017,25,-2,38
cs8,170000001567,53,0,2017,4.675,Masculin,2017,30,0,0
cs9,170000001567,72.5,0,2017,9,Masculin,2017,30,0,9
cs24,170000001567,82.5,0,2019,10.8,Masculin,2017,30,2,24
bsem,170000001567,99,0,2015,16,Masculin,2017,30,-2,38
cs8,170000001598,52.5,0,2017,4.21,Féminin,2017,37,0,0
cs9,170000001598,75.5,0,2017,8.9,Féminin,2017,37,0,9
cs24,170000001598,88,0,2019,12.2,Féminin,2017,37,2,24
bsem,170000001598,108,0,2015,19,Féminin,2017,37,-2,38
cs8,170000001687,53.5,1,2017,3.89,Masculin,2017,39,0,0
cs9,170000001687,71.5,1,2017,8.73,Masculin,2017,39,0,9
cs24,170000001687,82,1,2019,10.29,Masculin,2017,39,2,24
bsem,170000001687,101,1,2015,14,Masculin,2017,39,-2,38
cs8,170000002030,49,2,2017,2.55,Féminin,2017,36,0,0
cs9,170000002030,67,2,2017,7.43,Féminin,2017,36,0,9
cs24,170000002030,85,2,2019,10.74,Féminin,2017,36,2,24
bsem,170000002030,101,2,2015,15,Féminin,2017,36,-2,38
cs8,170000002563,52,0,2017,3.47,Masculin,2017,32,0,0
cs9,170000002563,78,0,2017,10.15,Masculin,2017,32,0,9
cs24,170000002563,91,0,2019,13.3,Masculin,2017,32,2,24
bsem,170000002563,109,0,2015,17,Masculin,2017,32,-2,38
cs8,170000003247,52,1,2017,3.85,Féminin,2017,28,0,0
cs9,170000003247,72.5,1,2017,9.1,Féminin,2017,28,0,9
cs24,170000003247,84.5,1,2019,12.5,Féminin,2017,28,2,24
bsem,170000003247,102,1,2015,17,Féminin,2017,28,-2,38
cs8,170000004059,51,0,2017,3.6,Féminin,2017,28,0,0
cs9,170000004059,69.5,0,2018,8.35,Féminin,2017,28,1,9
cs24,170000004059,85,0,2019,11.94,Féminin,2017,28,2,24
bsem,170000004059,101,0,2015,18,Féminin,2017,28,-2,38
cs8,170000004137,50,0,2017,3.39,Masculin,2017,27,0,0
cs9,170000004137,73,0,2018,9.39,Masculin,2017,27,1,9
cs24,170000004137,88,0,2019,12.44,Masculin,2017,27,2,24
bsem,170000004137,105,0,2015,18,Masculin,2017,27,-2,38
cs8,170000004191,55,0,2017,4.1,Féminin,2017,39,0,0
cs9,170000004191,73,0,2018,9.09,Féminin,2017,39,1,9
cs24,170000004191,93,0,2019,13.7,Féminin,2017,39,2,24
bsem,170000004191,109,0,2015,18,Féminin,2017,39,-2,38
cs8,170000004524,48,0,2017,3.94,Féminin,2017,35,0,0
cs9,170000004524,74.5,0,2018,9.6,Féminin,2017,35,1,9
cs24,170000004524,89,0,2019,12.96,Féminin,2017,35,2,24
bsem,170000004524,106,0,2015,17,Féminin,2017,35,-2,38
cs8,170000004528,47.5,0,2017,2.36,Féminin,2017,38,0,0
cs9,170000004528,69,0,2018,8.63,Féminin,2017,38,1,9
cs24,170000004528,85,0,2019,11.5,Féminin,2017,38,2,24
bsem,170000004528,101,0,2015,15,Féminin,2017,38,-2,38
cs8,170000004663,51,0,2017,3.42,Masculin,2017,35,0,0
cs9,170000004663,72.5,0,2018,8.37,Masculin,2017,35,1,9
cs24,170000004663,88,0,2019,12.6,Masculin,2017,35,2,24
bsem,170000004663,102,0,2015,17,Masculin,2017,35,-2,38
cs8,170000004771,50,0,2017,3.36,Masculin,2017,36,0,0
cs9,170000004771,71,0,2019,8.66,Masculin,2017,36,2,9
cs24,170000004771,88,0,2019,11.59,Masculin,2017,36,2,24
bsem,170000004771,102,0,2015,16,Masculin,2017,36,-2,38
cs8,170000004779,50,0,NA,3.81,Masculin,2017,32,NA,0
cs9,170000004779,72,0,2018,9.99,Masculin,2017,32,1,9
cs24,170000004779,89.5,0,2019,13.98,Masculin,2017,32,2,24
bsem,170000004779,100,0,2015,16,Masculin,2017,32,-2,38
cs8,170000004802,48,0,NA,2.39,Féminin,2017,29,NA,0
cs9,170000004802,70,0,2018,9.78,Féminin,2017,29,1,9
cs24,170000004802,89,0,2019,12.5,Féminin,2017,29,2,24
bsem,170000004802,104,0,2015,17,Féminin,2017,29,-2,38
cs8,170000005568,52,0,NA,3.65,Masculin,2017,31,NA,0
cs9,170000005568,71,0,2018,9.35,Masculin,2017,31,1,9
cs24,170000005568,84,0,2019,12,Masculin,2017,31,2,24
bsem,170000005568,98,0,2015,15,Masculin,2017,31,-2,38
cs8,170000005783,47,0,2017,2.84,Féminin,2017,43,0,0
cs9,170000005783,69.5,0,2018,7.55,Féminin,2017,43,1,9
cs24,170000005783,85,0,2019,10.75,Féminin,2017,43,2,24
bsem,170000005783,101,0,2015,14,Féminin,2017,43,-2,38
cs8,170000005842,53,0,2017,4.12,Masculin,2017,36,0,0
cs9,170000005842,77,0,2018,10.3,Masculin,2017,36,1,9
cs24,170000005842,94,0,2019,14.96,Masculin,2017,36,2,24
bsem,170000005842,105,0,2015,18,Masculin,2017,36,-2,38
cs8,170000006063,51,0,2017,3.36,Féminin,2017,27,0,0
cs9,170000006063,70,0,2018,7.9,Féminin,2017,27,1,9
cs24,170000006063,86,0,2019,11.4,Féminin,2017,27,2,24
bsem,170000006063,100,0,2015,15,Féminin,2017,27,-2,38
cs8,170000006165,50,0,2017,3.48,Masculin,2017,28,0,0
cs9,170000006165,73,0,2018,9.58,Masculin,2017,28,1,9
cs24,170000006165,84.5,0,2019,13,Masculin,2017,28,2,24
bsem,170000006165,101,0,2015,17,Masculin,2017,28,-2,38
cs8,170000006458,51.5,0,2017,3.93,Féminin,2017,39,0,0
cs9,170000006458,72.5,0,2018,8.9,Féminin,2017,39,1,9
cs24,170000006458,90,0,2019,14,Féminin,2017,39,2,24
bsem,170000006458,106,0,2015,18,Féminin,2017,39,-2,38
cs8,170000006546,54,0,2017,3.97,Masculin,2017,31,0,0
cs9,170000006546,77.5,0,2018,9.63,Masculin,2017,31,1,9
cs24,170000006546,94,0,2019,12.65,Masculin,2017,31,2,24
bsem,170000006546,109,0,2015,17,Masculin,2017,31,-2,38
cs8,170000006775,47.5,0,2017,2.88,Masculin,2017,25,0,0
cs9,170000006775,67,0,2018,7.06,Masculin,2017,25,1,9
cs24,170000006775,85,1,2019,10.9,Masculin,2017,25,2,24
bsem,170000006775,97,1,2015,13,Masculin,2017,25,-2,38
cs8,170000006783,50.5,0,2017,3.58,Masculin,2017,32,0,0
cs9,170000006783,76,0,2018,9.15,Masculin,2017,32,1,9
cs24,170000006783,87.5,0,2019,11.7,Masculin,2017,32,2,24
bsem,170000006783,100,0,2015,16,Masculin,2017,32,-2,38
cs8,170000006831,51,0,2017,3.25,Masculin,2017,23,0,0
cs9,170000006831,75,0,2018,9.8,Masculin,2017,23,1,9
cs24,170000006831,90,0,2019,13.9,Masculin,2017,23,2,24
bsem,170000006831,105,0,2015,17,Masculin,2017,23,-2,38
cs8,170000006878,49,0,2017,2.76,Féminin,2017,38,0,0
cs9,170000006878,71.5,0,2018,9.08,Féminin,2017,38,1,9
cs24,170000006878,94,0,2019,13.62,Féminin,2017,38,2,24
bsem,170000006878,107,0,2015,19,Féminin,2017,38,-2,38
cs8,170000006967,52,0,2017,3.92,Masculin,2017,40,0,0
cs9,170000006967,73,0,2018,9.1,Masculin,2017,40,1,9
cs24,170000006967,86,0,2019,13.4,Masculin,2017,40,2,24
bsem,170000006967,103,0,2015,19,Masculin,2017,40,-2,38
cs8,170000007206,48.5,0,2017,2.76,Féminin,2017,34,0,0
cs9,170000007206,70,0,2018,7.45,Féminin,2017,34,1,9
cs24,170000007206,86,0,2019,11.1,Féminin,2017,34,2,24
bsem,170000007206,99,0,2015,15,Féminin,2017,34,-2,38
cs8,170000007313,47.5,0,2017,2.78,Féminin,2017,25,0,0
cs9,170000007313,67.5,0,2018,7.3,Féminin,2017,25,1,9
cs24,170000007313,84,0,2019,11.45,Féminin,2017,25,2,24
bsem,170000007313,95,0,2015,13,Féminin,2017,25,-2,38
cs8,170000007316,48.5,1,2017,3.17,Féminin,2017,33,0,0
cs9,170000007316,68.5,1,2018,7.25,Féminin,2017,33,1,9
cs24,170000007316,84,1,2019,10.46,Féminin,2017,33,2,24
bsem,170000007316,97,1,2015,13,Féminin,2017,33,-2,38
cs8,170000007337,49,0,2017,2.96,Féminin,2017,35,0,0
cs9,170000007337,72,0,2018,8.33,Féminin,2017,35,1,9
cs24,170000007337,87,0,2019,11.3,Féminin,2017,35,2,24
bsem,170000007337,101,0,2015,15,Féminin,2017,35,-2,38
cs8,170000007408,49.5,0,2017,3.06,Féminin,2017,25,0,0
cs9,170000007408,68,0,2018,8.1,Féminin,2017,25,1,9
cs24,170000007408,84,0,2019,10.9,Féminin,2017,25,2,24
bsem,170000007408,97,0,2015,14,Féminin,2017,25,-2,38
cs8,170000007516,48,0,2017,2.74,Masculin,2017,35,0,0
cs9,170000007516,72,0,2018,9.26,Masculin,2017,35,1,9
cs24,170000007516,88.5,0,2019,12.5,Masculin,2017,35,2,24
bsem,170000007516,102,0,2015,15,Masculin,2017,35,-2,38
cs8,170000007651,47.5,0,2017,3.25,Féminin,2017,31,0,0
cs9,170000007651,68,0,2018,8.13,Féminin,2017,31,1,9
cs24,170000007651,83,0,2019,11.6,Féminin,2017,31,2,24
bsem,170000007651,100,0,2015,15,Féminin,2017,31,-2,38
cs8,170000007879,48.5,0,2017,2.85,Masculin,2017,36,0,0
cs9,170000007879,73.5,0,2018,9.03,Masculin,2017,36,1,9
cs24,170000007879,90,0,2019,12.84,Masculin,2017,36,2,24
bsem,170000007879,107,0,2015,18,Masculin,2017,36,-2,38
cs8,170000008212,55,0,2017,4.45,Féminin,2017,38,0,0
cs9,170000008212,74,0,NA,9.5,Féminin,2017,38,NA,9
cs24,170000008212,91,0,2019,14.6,Féminin,2017,38,2,24
bsem,170000008212,104,0,2015,20,Féminin,2017,38,-2,38
cs8,170000008213,52.5,0,2017,3.71,Masculin,2017,30,0,0
cs9,170000008213,66.5,0,2018,8.105,Masculin,2017,30,1,9
cs24,170000008213,85.5,0,2019,10.9,Masculin,2017,30,2,24
bsem,170000008213,97,0,2015,15,Masculin,2017,30,-2,38
cs8,170000008224,46,0,2017,2.98,Masculin,2017,30,0,0
cs9,170000008224,74,0,2018,11.44,Masculin,2017,30,1,9
cs24,170000008224,91,0,2019,14.3,Masculin,2017,30,2,24
bsem,170000008224,103,0,2015,18,Masculin,2017,30,-2,38
cs8,170000008336,52,0,2017,3.7,Masculin,2017,29,0,0
cs9,170000008336,71,0,2018,9.7,Masculin,2017,29,1,9
cs24,170000008336,88.5,0,2019,12.55,Masculin,2017,29,2,24
bsem,170000008336,102,0,2015,17,Masculin,2017,29,-2,38
cs8,170000008468,50.5,0,NA,3.68,Masculin,2017,34,NA,0
cs9,170000008468,72,0,2018,8.4,Masculin,2017,34,1,9
cs24,170000008468,90,0,2019,11.9,Masculin,2017,34,2,24
bsem,170000008468,102,0,2015,14,Masculin,2017,34,-2,38
cs8,170000008922,51.5,0,NA,4.38,Masculin,2017,31,NA,0
cs9,170000008922,71.5,0,NA,9.29,Masculin,2017,31,NA,9
cs24,170000008922,88.5,0,2019,13.36,Masculin,2017,31,2,24
bsem,170000008922,102,0,2015,17,Masculin,2017,31,-2,38
cs8,170000008935,50.5,0,2017,3.75,Féminin,2017,36,0,0
cs9,170000008935,70.5,0,2018,9.03,Féminin,2017,36,1,9
cs24,170000008935,87,0,2019,14,Féminin,2017,36,2,24
bsem,170000008935,107,0,2015,18,Féminin,2017,36,-2,38
cs8,170000008947,50.5,0,2017,3.8,Masculin,2017,33,0,0
cs9,170000008947,74,0,2018,10.9,Masculin,2017,33,1,9
cs24,170000008947,90.5,0,2019,14.3,Masculin,2017,33,2,24
bsem,170000008947,102,0,2015,19,Masculin,2017,33,-2,38
cs8,170000009123,50,0,2017,3.27,Masculin,2017,41,0,0
cs9,170000009123,71.5,0,2018,9.2,Masculin,2017,41,1,9
cs24,170000009123,87.5,0,2019,14,Masculin,2017,41,2,24
bsem,170000009123,101,0,2015,17,Masculin,2017,41,-2,38
cs8,170000009184,53,0,2017,3.69,Masculin,2017,26,0,0
cs9,170000009184,72,0,2018,8.9,Masculin,2017,26,1,9
cs24,170000009184,90.5,0,2019,13,Masculin,2017,26,2,24
bsem,170000009184,104,0,2015,17,Masculin,2017,26,-2,38
cs8,170000009629,52,0,2017,2.74,Masculin,2017,32,0,0
cs9,170000009629,72,0,2018,8.8,Masculin,2017,32,1,9
cs24,170000009629,89.5,0,2019,13.2,Masculin,2017,32,2,24
bsem,170000009629,101,0,2015,17,Masculin,2017,32,-2,38
cs8,170000009968,53,0,NA,3.85,Masculin,2017,36,NA,0
cs9,170000009968,76,0,2018,9.64,Masculin,2017,36,1,9
cs24,170000009968,96,0,2019,13,Masculin,2017,36,2,24
bsem,170000009968,102,0,2015,15,Masculin,2017,36,-2,38
cs8,170000010549,50,1,2017,3.21,Masculin,2017,31,0,0
cs9,170000010549,73,1,2018,8.05,Masculin,2017,31,1,9
cs24,170000010549,86,1,2019,11,Masculin,2017,31,2,24
bsem,170000010549,96,1,2015,13,Masculin,2017,31,-2,38
cs8,170000010832,50,0,2017,3.32,Féminin,2017,35,0,0
cs9,170000010832,72,0,2018,9.62,Féminin,2017,35,1,9
cs24,170000010832,88.5,0,2019,11.96,Féminin,2017,35,2,24
bsem,170000010832,101,0,2015,17,Féminin,2017,35,-2,38
cs8,170000010922,52,0,2017,3.95,Masculin,2017,37,0,0
cs9,170000010922,72,0,2018,8.99,Masculin,2017,37,1,9
cs24,170000010922,88.5,0,2019,12.27,Masculin,2017,37,2,24
bsem,170000010922,102,0,2015,15,Masculin,2017,37,-2,38
cs8,170000011445,52.5,0,2017,3.49,Féminin,2017,34,0,0
cs9,170000011445,72.5,0,2018,7.81,Féminin,2017,34,1,9
cs24,170000011445,92.5,0,2019,12,Féminin,2017,34,2,24
bsem,170000011445,101,0,2015,15,Féminin,2017,34,-2,38
cs8,170000011545,50,0,2017,3.34,Féminin,2017,32,0,0
cs9,170000011545,70,0,2018,7.86,Féminin,2017,32,1,9
cs24,170000011545,85.5,0,2019,10.4,Féminin,2017,32,2,24
bsem,170000011545,95,0,2015,13,Féminin,2017,32,-2,38
cs8,170000011668,46.5,0,2017,2.39,Féminin,2017,31,0,0
cs9,170000011668,71,0,2018,7.9,Féminin,2017,31,1,9
cs24,170000011668,89,0,2019,11.58,Féminin,2017,31,2,24
bsem,170000011668,104,0,2015,16,Féminin,2017,31,-2,38
cs8,170000012276,49,0,2017,3.5,Masculin,2017,27,0,0
cs9,170000012276,76.5,0,2018,12.7,Masculin,2017,27,1,9
cs24,170000012276,92,0,2019,17.3,Masculin,2017,27,2,24
bsem,170000012276,109,0,2015,22,Masculin,2017,27,-2,38
cs8,170000012460,51,0,2017,4.2,Masculin,2017,30,0,0
cs9,170000012460,72.5,0,2018,10.07,Masculin,2017,30,1,9
cs24,170000012460,84,0,2019,14.3,Masculin,2017,30,2,24
bsem,170000012460,93,0,2015,17,Masculin,2017,30,-2,38
cs8,170000012717,50,0,2017,2.7,Masculin,2017,33,0,0
cs9,170000012717,70,0,2018,7.54,Masculin,2017,33,1,9
cs24,170000012717,83,0,2019,10.1,Masculin,2017,33,2,24
bsem,170000012717,94,0,2015,13,Masculin,2017,33,-2,38
cs8,170000012811,50.5,0,2017,3.58,Féminin,2017,30,0,0
cs9,170000012811,71,0,2018,8.35,Féminin,2017,30,1,9
cs24,170000012811,90,0,2019,12.58,Féminin,2017,30,2,24
bsem,170000012811,103,0,2015,17,Féminin,2017,30,-2,38
cs8,170000012905,49,0,2017,2.75,Masculin,2017,23,0,0
cs9,170000012905,74,0,2018,11,Masculin,2017,23,1,9
cs24,170000012905,87,0,2019,13.5,Masculin,2017,23,2,24
bsem,170000012905,97,0,2015,17,Masculin,2017,23,-2,38
cs8,170000013024,51,0,2017,3.68,Masculin,2017,32,0,0
cs9,170000013024,71,0,2018,8.32,Masculin,2017,32,1,9
cs24,170000013024,87,0,2019,11.12,Masculin,2017,32,2,24
bsem,170000013024,100,0,2015,15,Masculin,2017,32,-2,38
cs8,170000013495,47,0,2017,2.46,Féminin,2017,26,0,0
cs9,170000013495,66,0,2018,7.495,Féminin,2017,26,1,9
cs24,170000013495,83.5,0,2019,10.8,Féminin,2017,26,2,24
bsem,170000013495,97,0,2015,14,Féminin,2017,26,-2,38
cs8,170000013527,47.5,0,2017,2.72,Masculin,2017,37,0,0
cs9,170000013527,69,0,2018,7.95,Masculin,2017,37,1,9
cs24,170000013527,83,0,2019,11,Masculin,2017,37,2,24
bsem,170000013527,94,0,2015,14,Masculin,2017,37,-2,38
cs8,170000013868,49,0,2017,3.42,Masculin,2017,26,0,0
cs9,170000013868,74,0,2018,9.95,Masculin,2017,26,1,9
cs24,170000013868,89,0,2019,12.32,Masculin,2017,26,2,24
bsem,170000013868,101,0,2015,16,Masculin,2017,26,-2,38
cs8,170000013911,48.5,0,2017,3.6,Féminin,2017,30,0,0
cs9,170000013911,67,0,2018,6.78,Féminin,2017,30,1,9
cs24,170000013911,81,0,2019,9.74,Féminin,2017,30,2,24
bsem,170000013911,90,0,2015,12,Féminin,2017,30,-2,38
cs8,170000013924,47,0,2017,2.77,Masculin,2017,37,0,0
cs9,170000013924,72,0,2018,9.4,Masculin,2017,37,1,9
cs24,170000013924,90,0,2019,13.68,Masculin,2017,37,2,24
bsem,170000013924,100,0,2015,17,Masculin,2017,37,-2,38
cs8,170000013925,50,0,2017,2.45,Masculin,2017,37,0,0
cs9,170000013925,75,0,2018,8.6,Masculin,2017,37,1,9
cs24,170000013925,93,0,2019,13.3,Masculin,2017,37,2,24
bsem,170000013925,105,0,2015,18,Masculin,2017,37,-2,38
cs8,170000014091,49,0,2017,2.85,Masculin,2017,30,0,0
cs9,170000014091,72,0,2018,8.35,Masculin,2017,30,1,9
cs24,170000014091,87.5,0,2019,11,Masculin,2017,30,2,24
bsem,170000014091,95,0,2015,13,Masculin,2017,30,-2,38
cs8,170000014316,49,0,2017,2.71,Masculin,2017,30,0,0
cs9,170000014316,72.5,0,2018,9.82,Masculin,2017,30,1,9
cs24,170000014316,90.5,0,2019,13.1,Masculin,2017,30,2,24
bsem,170000014316,103,0,2015,18,Masculin,2017,30,-2,38
cs8,170000014425,50,0,2017,3.45,Masculin,2017,36,0,0
cs9,170000014425,71,0,2018,8.09,Masculin,2017,36,1,9
cs24,170000014425,87.5,0,2019,12,Masculin,2017,36,2,24
bsem,170000014425,99,0,2015,15,Masculin,2017,36,-2,38
cs8,170000014445,52,0,NA,3.75,Masculin,2017,34,NA,0
cs9,170000014445,73.5,0,2018,9.71,Masculin,2017,34,1,9
cs24,170000014445,88,0,2019,13.9,Masculin,2017,34,2,24
bsem,170000014445,98,0,2015,15,Masculin,2017,34,-2,38
cs8,170000014470,50,0,2017,3.38,Féminin,2017,38,0,0
cs9,170000014470,71,0,2018,8.09,Féminin,2017,38,1,9
cs24,170000014470,87,0,2020,12,Féminin,2017,38,3,24
bsem,170000014470,95,0,2015,15,Féminin,2017,38,-2,38
cs8,170000014477,51.5,0,2017,3.38,Masculin,2017,22,0,0
cs9,170000014477,73,0,2018,9.64,Masculin,2017,22,1,9
cs24,170000014477,87,0,2019,12.18,Masculin,2017,22,2,24
bsem,170000014477,96,0,2015,15,Masculin,2017,22,-2,38
cs8,170000014545,49.5,0,2017,3.54,Masculin,2017,30,0,0
cs9,170000014545,71.5,0,2018,8.25,Masculin,2017,30,1,9
cs24,170000014545,86,0,2019,12.3,Masculin,2017,30,2,24
bsem,170000014545,99,0,2015,16,Masculin,2017,30,-2,38
cs8,170000016495,52,0,NA,3.69,Masculin,2017,33,NA,0
cs9,170000016495,72,0,2018,8.22,Masculin,2017,33,1,9
cs24,170000016495,87,0,2019,11.5,Masculin,2017,33,2,24
bsem,170000016495,97,0,2015,14,Masculin,2017,33,-2,38
cs8,190000000563,49,0,2019,3.08,Féminin,2019,34,0,0
cs9,190000000563,72.5,0,2019,9.82,Féminin,2019,34,0,9
cs24,190000000563,91.5,0,2021,14.18,Féminin,2019,34,2,24
bsem,190000000563,92,0,2015,14,Féminin,2019,34,-4,38
