certif,ID,size,alt_group,visit_year,weight,sexe,birth_year,mother_age,age
cs8,1212009554,47.5,0,2012,3.29,Féminin,2012,28,0
cs9,1212009554,72,0,2013,9.3,Féminin,2012,28,1
cs24,1212009554,90.5,0,2014,14.6,Féminin,2012,28,2
bsem,1212009554,109,0,2015,22,Féminin,2012,28,3
cs8,1313001453,50.5,0,2013,3.4,Féminin,2013,25,0
cs9,1313001453,74,0,2013,8.65,Féminin,2013,25,0
cs24,1313001453,89.2,0,2015,12.1,Féminin,2013,25,2
bsem,1313001453,105,0,2015,17,Féminin,2013,25,2
cs8,1313012670,48,0,2013,3.44,Féminin,2013,30,0
cs9,1313012670,70.5,0,2014,9.16,Féminin,2013,30,1
cs24,1313012670,99,0,2015,14.2,Féminin,2013,30,2
bsem,1313012670,100,0,2015,16,Féminin,2013,30,2
cs8,1414001130,52,0,2014,3.62,Masculin,2014,19,0
cs9,1414001130,72,0,2014,9.32,Masculin,2014,19,0
cs24,1414001130,90.5,0,2016,14.5,Masculin,2014,19,2
bsem,1414001130,106,0,2015,21,Masculin,2014,19,1
cs8,1414012380,48,0,2014,3.19,Féminin,2014,35,0
cs9,1414012380,70,0,2015,8.54,Féminin,2014,35,1
cs24,1414012380,85,0,2016,12.1,Féminin,2014,35,2
bsem,1414012380,100,0,2015,18,Féminin,2014,35,1
cs8,1515000136,49.5,0,2015,3.03,Féminin,2015,28,0
cs9,1515000136,74.5,0,2015,10.28,Féminin,2015,28,0
cs24,1515000136,90,0,2017,12.8,Féminin,2015,28,2
bsem,1515000136,114,0,2015,19,Féminin,2015,28,0
cs8,1515002110,48,1,2015,2.59,Masculin,2015,34,0
cs9,1515002110,67.5,1,2015,7.36,Masculin,2015,34,0
cs24,1515002110,84,1,2017,10.44,Masculin,2015,34,2
bsem,1515002110,101,1,2015,14,Masculin,2015,34,0
cs8,1515002123,50.2,0,2015,3.34,Féminin,2015,31,0
cs9,1515002123,71,0,2015,9.78,Féminin,2015,31,0
cs24,1515002123,87,0,2017,13,Féminin,2015,31,2
bsem,1515002123,104,0,2015,16,Féminin,2015,31,0
cs8,150000000896,50,0,2015,3.7,Masculin,2015,30,0
cs9,150000000896,74.5,0,2016,11.2,Masculin,2015,30,1
cs24,150000000896,92,0,2017,16.3,Masculin,2015,30,2
bsem,150000000896,107,0,2015,21,Masculin,2015,30,0
cs8,150000001367,52,0,2015,4.01,Masculin,2015,25,0
cs9,150000001367,66,0,2016,7.9,Masculin,2015,25,1
cs24,150000001367,91,0,2017,12,Masculin,2015,25,2
bsem,150000001367,106,0,2015,18,Masculin,2015,25,0
cs8,150000001726,54,0,2015,4.41,Masculin,2015,31,0
cs9,150000001726,76,0,2016,10.2,Masculin,2015,31,1
cs24,150000001726,90.5,0,2017,14.02,Masculin,2015,31,2
bsem,150000001726,114,0,2015,22,Masculin,2015,31,0
cs8,150000002091,52,0,2015,3.77,Féminin,2015,25,0
cs9,150000002091,72.5,0,2016,9.09,Féminin,2015,25,1
cs24,150000002091,89,0,2017,11.88,Féminin,2015,25,2
bsem,150000002091,111,0,2015,19,Féminin,2015,25,0
cs8,150000002171,49,2,2015,2.9,Féminin,2015,32,0
cs9,150000002171,67,2,2016,7.63,Féminin,2015,32,1
cs24,150000002171,82.5,2,2017,10.05,Féminin,2015,32,2
bsem,150000002171,98,2,2015,14,Féminin,2015,32,0
cs8,150000003436,51,0,2015,3.21,Féminin,2015,40,0
cs9,150000003436,69.5,0,2016,7.62,Féminin,2015,40,1
cs24,150000003436,86.5,0,2017,11.3,Féminin,2015,40,2
bsem,150000003436,102,0,2015,15,Féminin,2015,40,0
cs8,150000003730,54,0,2015,3.95,Masculin,2015,24,0
cs9,150000003730,74.5,0,2016,9.17,Masculin,2015,24,1
cs24,150000003730,89.5,0,2017,13.85,Masculin,2015,24,2
bsem,150000003730,104,0,2015,17,Masculin,2015,24,0
cs8,150000003754,48,0,2015,3.08,Masculin,2015,33,0
cs9,150000003754,71.5,0,2016,8.6,Masculin,2015,33,1
cs24,150000003754,84,0,2017,11.8,Masculin,2015,33,2
bsem,150000003754,99,0,2015,17,Masculin,2015,33,0
cs8,150000004008,54,0,2015,3.79,Féminin,2015,25,0
cs9,150000004008,72,0,2016,8.63,Féminin,2015,25,1
cs24,150000004008,88,0,2017,11.92,Féminin,2015,25,2
bsem,150000004008,102,0,2015,16,Féminin,2015,25,0
cs8,150000004564,46.4,0,2015,3.17,Féminin,2015,32,0
cs9,150000004564,68,0,2016,8.46,Féminin,2015,32,1
cs24,150000004564,85,0,2017,12.7,Féminin,2015,32,2
bsem,150000004564,99,0,2015,15,Féminin,2015,32,0
cs8,150000004623,51,0,2015,3.23,Féminin,2015,22,0
cs9,150000004623,69,0,2016,7.62,Féminin,2015,22,1
cs24,150000004623,84.5,0,2017,10.98,Féminin,2015,22,2
bsem,150000004623,105,0,2015,15,Féminin,2015,22,0
cs8,150000004722,52,0,2015,3.61,Féminin,2015,27,0
cs9,150000004722,74,0,2016,9.73,Féminin,2015,27,1
cs24,150000004722,88.5,0,2017,13.14,Féminin,2015,27,2
bsem,150000004722,108,0,2015,20,Féminin,2015,27,0
cs8,150000004810,52,0,2015,3.43,Féminin,2015,22,0
cs9,150000004810,69.5,0,2016,8.52,Féminin,2015,22,1
cs24,150000004810,89,0,2018,14.6,Féminin,2015,22,3
bsem,150000004810,95,0,2015,15,Féminin,2015,22,0
cs8,150000004848,53,0,2015,3.75,Féminin,2015,34,0
cs9,150000004848,73,0,2016,10.94,Féminin,2015,34,1
cs24,150000004848,88,0,2017,13.72,Féminin,2015,34,2
bsem,150000004848,101,0,2015,18,Féminin,2015,34,0
cs8,150000004994,48.5,0,2015,2.9,Masculin,2015,40,0
cs9,150000004994,71,0,2016,8.13,Masculin,2015,40,1
cs24,150000004994,84,0,2017,10.78,Masculin,2015,40,2
bsem,150000004994,97,0,2015,12,Masculin,2015,40,0
cs8,150000005008,48,0,2015,3.12,Féminin,2015,29,0
cs9,150000005008,69.5,0,2016,8.56,Féminin,2015,29,1
cs24,150000005008,81,0,2017,11.4,Féminin,2015,29,2
bsem,150000005008,99,0,2015,16,Féminin,2015,29,0
cs8,150000005035,47,0,2015,3.2,Masculin,2015,29,0
cs9,150000005035,73,0,2016,11.75,Masculin,2015,29,1
cs24,150000005035,90,0,2017,16,Masculin,2015,29,2
bsem,150000005035,110,0,2015,25,Masculin,2015,29,0
cs8,150000005065,51.5,0,2015,3.4,Féminin,2015,25,0
cs9,150000005065,73.5,0,2016,8.68,Féminin,2015,25,1
cs24,150000005065,89,0,2017,13.1,Féminin,2015,25,2
bsem,150000005065,105,0,2015,18,Féminin,2015,25,0
cs8,150000005126,50,0,2015,3.67,Masculin,2015,21,0
cs9,150000005126,71.5,0,2016,9.13,Masculin,2015,21,1
cs24,150000005126,84.5,0,2017,12.74,Masculin,2015,21,2
bsem,150000005126,101,0,2015,17,Masculin,2015,21,0
cs8,150000005214,48,0,2015,3.11,Féminin,2015,35,0
cs9,150000005214,67.5,0,2016,7.76,Féminin,2015,35,1
cs24,150000005214,82,0,2017,10.46,Féminin,2015,35,2
bsem,150000005214,91,0,2015,14,Féminin,2015,35,0
cs8,150000005232,50,0,2015,3.7,Masculin,2015,29,0
cs9,150000005232,72.5,0,2016,8.75,Masculin,2015,29,1
cs24,150000005232,86,0,2017,11.7,Masculin,2015,29,2
bsem,150000005232,108,0,2015,21,Masculin,2015,29,0
cs8,150000005249,49,0,2015,3.68,Masculin,2015,27,0
cs9,150000005249,67.5,0,2016,8.19,Masculin,2015,27,1
cs24,150000005249,81.5,0,2017,10.94,Masculin,2015,27,2
bsem,150000005249,92,0,2015,13,Masculin,2015,27,0
cs8,150000005497,49,0,2015,3.41,Masculin,2015,25,0
cs9,150000005497,72,0,2016,8.66,Masculin,2015,25,1
cs24,150000005497,88,0,2017,11.44,Masculin,2015,25,2
bsem,150000005497,105,0,2015,16,Masculin,2015,25,0
cs8,150000005528,46.5,0,2015,3.07,Masculin,2015,25,0
cs9,150000005528,70,0,2016,7.88,Masculin,2015,25,1
cs24,150000005528,82,0,2017,9.96,Masculin,2015,25,2
bsem,150000005528,97,0,2015,13,Masculin,2015,25,0
cs8,150000005632,50.5,0,2015,3.82,Féminin,2015,27,0
cs9,150000005632,73,0,2016,8.87,Féminin,2015,27,1
cs24,150000005632,93,0,2017,14.26,Féminin,2015,27,2
bsem,150000005632,111,0,2015,18,Féminin,2015,27,0
cs8,150000006201,49,0,2015,3.18,Masculin,2015,21,0
cs9,150000006201,68,0,2016,7.62,Masculin,2015,21,1
cs24,150000006201,83,0,2017,10.26,Masculin,2015,21,2
bsem,150000006201,91,0,2015,13,Masculin,2015,21,0
cs8,150000006496,52,0,2015,3.27,Masculin,2015,24,0
cs9,150000006496,72.5,0,2016,9.24,Masculin,2015,24,1
cs24,150000006496,85,0,2017,11.86,Masculin,2015,24,2
bsem,150000006496,100,0,2015,16,Masculin,2015,24,0
cs8,150000006871,50,0,2015,3.48,Féminin,2015,33,0
cs9,150000006871,73,0,2016,9.25,Féminin,2015,33,1
cs24,150000006871,88.5,0,2017,12.52,Féminin,2015,33,2
bsem,150000006871,106,0,2015,17,Féminin,2015,33,0
cs8,150000007101,50.5,0,2015,3.21,Féminin,2015,38,0
cs9,150000007101,70.5,0,2016,8.59,Féminin,2015,38,1
cs24,150000007101,92,0,2018,13,Féminin,2015,38,3
bsem,150000007101,101,0,2015,16,Féminin,2015,38,0
cs8,150000007173,52,0,2015,3.34,Féminin,2015,33,0
cs9,150000007173,71,0,2016,8.2,Féminin,2015,33,1
cs24,150000007173,89.5,0,2017,12.95,Féminin,2015,33,2
bsem,150000007173,109,0,2015,19,Féminin,2015,33,0
cs8,150000007183,51,0,2015,2.96,Féminin,2015,28,0
cs9,150000007183,71,0,2016,8.75,Féminin,2015,28,1
cs24,150000007183,85,0,2017,11.33,Féminin,2015,28,2
bsem,150000007183,99,0,2015,14,Féminin,2015,28,0
cs8,150000007430,51,0,2015,3.32,Masculin,2015,39,0
cs9,150000007430,72,0,2016,8.5,Masculin,2015,39,1
cs24,150000007430,89,0,2017,12.2,Masculin,2015,39,2
bsem,150000007430,108,0,2015,17,Masculin,2015,39,0
cs8,150000007494,48,1,2015,3.17,Masculin,2015,30,0
cs9,150000007494,74,1,2016,8.43,Masculin,2015,30,1
cs24,150000007494,85,1,2017,12.77,Masculin,2015,30,2
bsem,150000007494,104,1,2015,18,Masculin,2015,30,0
cs8,150000007564,51,0,2015,3.74,Féminin,2015,32,0
cs9,150000007564,71,0,2016,9.14,Féminin,2015,32,1
cs24,150000007564,90,0,2017,12.84,Féminin,2015,32,2
bsem,150000007564,106,0,2015,17,Féminin,2015,32,0
cs8,150000007775,49.5,0,2015,3.53,Féminin,2015,43,0
cs9,150000007775,70,0,2016,8.54,Féminin,2015,43,1
cs24,150000007775,82,0,2017,11.38,Féminin,2015,43,2
bsem,150000007775,94,0,2015,15,Féminin,2015,43,0
cs8,150000007814,49,0,2015,3.2,Féminin,2015,38,0
cs9,150000007814,71,0,2016,8.98,Féminin,2015,38,1
cs24,150000007814,88,0,2017,12.1,Féminin,2015,38,2
bsem,150000007814,102,0,2015,16,Féminin,2015,38,0
cs8,150000007888,52,0,2015,3.57,Féminin,2015,45,0
cs9,150000007888,72.5,0,2016,8.59,Féminin,2015,45,1
cs24,150000007888,90,0,2017,12.62,Féminin,2015,45,2
bsem,150000007888,100,0,2015,16,Féminin,2015,45,0
cs8,150000008131,52,0,2015,4.13,Féminin,2015,26,0
cs9,150000008131,71,0,2016,8.7,Féminin,2015,26,1
cs24,150000008131,86,0,2017,11.03,Féminin,2015,26,2
bsem,150000008131,98,0,2015,14,Féminin,2015,26,0
cs8,150000008156,45.7,0,2015,2.68,Masculin,2015,29,0
cs9,150000008156,74,0,2016,9,Masculin,2015,29,1
cs24,150000008156,92,0,2018,13.18,Masculin,2015,29,3
bsem,150000008156,104,0,2015,19,Masculin,2015,29,0
cs8,150000008175,51,2,2015,3.7,Masculin,2015,31,0
cs9,150000008175,70,2,2016,8.16,Masculin,2015,31,1
cs24,150000008175,87,2,2017,11.665,Masculin,2015,31,2
bsem,150000008175,101,2,2015,15,Masculin,2015,31,0
cs8,150000008250,50,0,2015,3.82,Masculin,2015,32,0
cs9,150000008250,76.5,0,2016,9.59,Masculin,2015,32,1
cs24,150000008250,90,0,2017,12.94,Masculin,2015,32,2
bsem,150000008250,101,0,2015,16,Masculin,2015,32,0
cs8,150000008383,48.5,0,2015,3.04,Féminin,2015,19,0
cs9,150000008383,66.5,0,2016,6.84,Féminin,2015,19,1
cs24,150000008383,83.5,0,2017,11.96,Féminin,2015,19,2
bsem,150000008383,98,0,2015,14,Féminin,2015,19,0
cs8,150000008550,54,0,2015,4.03,Féminin,2015,15,0
cs9,150000008550,71.5,0,2016,9.99,Féminin,2015,15,1
cs24,150000008550,88.5,0,2018,14.85,Féminin,2015,15,3
bsem,150000008550,98,0,2015,17,Féminin,2015,15,0
cs8,150000008908,53.5,0,2015,3.99,Masculin,2015,29,0
cs9,150000008908,72.5,0,2016,10,Masculin,2015,29,1
cs24,150000008908,91,0,2017,13.27,Masculin,2015,29,2
bsem,150000008908,100,0,2015,16,Masculin,2015,29,0
cs8,150000008909,49,0,2015,3.12,Féminin,2015,29,0
cs9,150000008909,71,0,2016,9.15,Féminin,2015,29,1
cs24,150000008909,90,0,2018,14,Féminin,2015,29,3
bsem,150000008909,98,0,2015,16,Féminin,2015,29,0
cs8,150000009077,42,0,2015,2.08,Masculin,2015,19,0
cs9,150000009077,68,0,2016,7.88,Masculin,2015,19,1
cs24,150000009077,88.5,0,2017,13.2,Masculin,2015,19,2
bsem,150000009077,103,0,2015,18,Masculin,2015,19,0
cs8,150000009142,49,0,2015,3.64,Féminin,2015,31,0
cs9,150000009142,74,0,2016,9.36,Féminin,2015,31,1
cs24,150000009142,87,0,2017,11.66,Féminin,2015,31,2
bsem,150000009142,104,0,2015,14,Féminin,2015,31,0
cs8,150000009251,51.5,0,2015,4.07,Masculin,2015,24,0
cs9,150000009251,71.5,0,2016,8.74,Masculin,2015,24,1
cs24,150000009251,84,0,2017,10.83,Masculin,2015,24,2
bsem,150000009251,93,0,2015,13,Masculin,2015,24,0
cs8,150000009338,46,1,2015,2.43,Féminin,2015,39,0
cs9,150000009338,67.5,1,2016,7.09,Féminin,2015,39,1
cs24,150000009338,87,1,2017,11.04,Féminin,2015,39,2
bsem,150000009338,100,1,2015,16,Féminin,2015,39,0
cs8,150000009444,50,0,2015,2.95,Féminin,2015,27,0
cs9,150000009444,73,0,2016,8.56,Féminin,2015,27,1
cs24,150000009444,93,0,2017,13,Féminin,2015,27,2
bsem,150000009444,100,0,2015,17,Féminin,2015,27,0
cs8,150000009753,45,0,2015,3.15,Masculin,2015,34,0
cs9,150000009753,68,0,2016,7.17,Masculin,2015,34,1
cs24,150000009753,90,0,2017,11.88,Masculin,2015,34,2
bsem,150000009753,101,0,2015,13,Masculin,2015,34,0
cs8,150000009808,49,0,2015,3.37,Masculin,2015,33,0
cs9,150000009808,69,0,2016,8.41,Masculin,2015,33,1
cs24,150000009808,84.5,0,2017,11.7,Masculin,2015,33,2
bsem,150000009808,94,0,2015,13,Masculin,2015,33,0
cs8,150000010291,48.5,0,2015,3.29,Masculin,2015,23,0
cs9,150000010291,70.5,0,2016,8.26,Masculin,2015,23,1
cs24,150000010291,85.5,0,2017,11.9,Masculin,2015,23,2
bsem,150000010291,103,0,2015,15,Masculin,2015,23,0
cs8,150000010921,48,0,2015,2.93,Féminin,2015,27,0
cs9,150000010921,68.5,0,2016,7.68,Féminin,2015,27,1
cs24,150000010921,85,0,2018,9.9,Féminin,2015,27,3
bsem,150000010921,99,0,2015,14,Féminin,2015,27,0
cs8,150000010957,51,0,2015,3.09,Féminin,2015,37,0
cs9,150000010957,69,0,2016,7.95,Féminin,2015,37,1
cs24,150000010957,84,0,2017,10.38,Féminin,2015,37,2
bsem,150000010957,94,0,2015,13,Féminin,2015,37,0
