idPatient,sexe,dateNaissance,Period,Annee,Mois,Jour,mmuscle,mgrasse,ttaille,age
941105,F,1963-09-30,first,2020,2,26,30,37.3,94,56.40779998502882
941105,F,1963-09-30,last,2020,3,10,30,37.3,92,56.44058687027472
941105,F,1963-09-30,postfirst,2020,6,22,30,36.1,93,56.7247398757392
941105,F,1963-09-30,postlast,2020,7,10,30.1,35.9,93,56.77392020360806
944141,F,1976-04-25,first,2020,2,12,30.2,37.1,94,43.80327868852459
944141,F,1976-04-25,last,2020,3,4,32.4,37.3,96,43.85792349726776
944141,F,1976-04-25,postfirst,2020,6,24,45.6,38.9,98,44.16393442622951
944141,F,1976-04-25,postlast,2020,7,9,30,39.8,99,44.204918032786885
944725,H,1954-11-20,first,2020,2,26,35.2,38.7,117,65.26807395763156
944725,H,1954-11-20,last,2020,3,10,35.1,38.8,118,65.30086084287746
944725,H,1954-11-20,postfirst,2020,6,22,34.9,38.6,120,65.58501384834194
944725,H,1954-11-20,postlast,2020,7,10,35,38.6,119,65.6341941762108
949380,F,1947-03-26,first,2020,2,10,26.2,41.5,89,72.87915263118497
949380,F,1947-03-26,last,2020,2,24,26.2,41.5,89,72.91740399730519
949380,F,1947-03-26,postfirst,2020,6,15,26.2,44.1,89,73.22131147540983
949380,F,1947-03-26,postlast,2020,7,13,26.2,44.1,89,73.29781420765028
959409,F,1961-03-19,first,2020,2,28,28.5,40,98,58.947511041245605
959409,F,1961-03-19,last,2020,3,13,28.6,39.7,98,58.983030166928664
959409,F,1961-03-19,postfirst,2020,6,23,28.3,40.4,99,59.26229508196721
959409,F,1961-03-19,postlast,2020,7,7,28.3,40.3,99,59.30054644808743
967010,F,1943-12-15,first,2020,2,20,21.9,49.2,100,76.18318736432367
967010,F,1943-12-15,last,2020,3,3,22,49.1,100,76.21324200913241
967010,F,1943-12-15,postfirst,2020,6,18,21.8,49.5,101,76.50559173590838
967010,F,1943-12-15,postlast,2020,7,2,21.9,49.4,101,76.54384310202859
967041,F,1962-01-25,first,2020,2,11,28.2,43,104,58.04644808743169
967041,F,1962-01-25,last,2020,2,26,28.3,43.6,102,58.08743169398907
967041,F,1962-01-25,postfirst,2020,5,20,28.3,43.6,102,58.314207650273225
967041,F,1962-01-25,postlast,2020,6,10,28.2,43.5,102,58.37158469945355
971541,F,1971-12-01,first,2020,2,20,28,40,105,48.22154352870724
971541,F,1971-12-01,last,2020,3,5,28.2,39.4,105,48.257062654390296
971541,F,1971-12-01,postfirst,2020,6,11,29,37.4,105,48.52482221723183
971541,F,1971-12-01,postlast,2020,6,30,29.2,36.8,103,48.57673478553784
973161,F,1970-07-24,first,2020,2,27,27.8,47.8,117,49.596833595328995
973161,F,1970-07-24,last,2020,3,12,27.8,48,118,49.632352721012055
973161,F,1970-07-24,postfirst,2020,5,14,27.2,48.2,123,49.804483868553035
973161,F,1970-07-24,postlast,2020,6,4,27.7,48.1,123,49.86186091773337
973894,F,1980-08-05,first,2020,2,26,31.9,35.4,82,39.56284153005465
973894,F,1980-08-05,last,2020,3,11,32.1,34.7,82,39.59836065573771
973894,F,1980-08-05,postfirst,2020,6,23,32.1,34.8,81,39.88251366120218
973894,F,1980-08-05,postlast,2020,7,15,32,35,81,39.942622950819676
974052,F,1971-03-31,first,2020,2,26,46.1,34.8,87,48.90916984804252
974052,F,1971-03-31,last,2020,3,10,45.3,33.3,85,48.94195673328842
974052,F,1971-03-31,postfirst,2020,6,11,46,34.9,88,49.19672131147541
974052,F,1971-03-31,postlast,2020,6,30,46.4,34.5,87,49.24863387978142
974130,F,1968-05-20,first,2020,2,26,29.2,40.2,105,51.77322404371585
974130,F,1968-05-20,last,2020,3,11,29.2,40.3,105,51.80874316939891
974130,F,1968-05-20,postfirst,2020,6,24,29,40.5,104,52.095628415300546
974130,F,1968-05-20,postlast,2020,7,8,29,40.4,103,52.13387978142077
974308,H,1958-07-16,first,2020,2,25,33.8,38.2,108,61.61328692267385
974308,H,1958-07-16,last,2020,3,9,31.7,39.8,109,61.646073807919755
974308,H,1958-07-16,postfirst,2020,5,15,39.1,32.7,109,61.82913391720937
974308,H,1958-07-16,postlast,2020,5,29,31.7,39.8,111,61.86738528332959
974427,F,1952-05-15,first,2020,2,3,27.8,44.5,112,67.72404371584699
974427,F,1952-05-15,last,2020,2,17,27.9,44.2,109,67.76229508196721
974427,F,1952-05-15,postfirst,2020,6,22,27.7,44.7,111,68.10382513661202
974427,F,1952-05-15,postlast,2020,7,6,27.8,44.3,109,68.14207650273224
974760,F,1967-04-06,first,2020,2,28,29,38.2,90,52.898195972752454
974760,F,1967-04-06,last,2020,3,13,29,38.2,89,52.93371509843551
974760,F,1967-04-06,postfirst,2020,6,23,28.8,38.4,89,53.21311475409836
974760,F,1967-04-06,postlast,2020,7,7,28.8,38.5,89,53.25136612021858
974772,F,1976-05-09,first,2020,2,19,30,38.9,98,43.78415300546448
974772,F,1976-05-09,last,2020,3,4,30.6,38.4,97,43.81967213114754
974772,F,1976-05-09,postfirst,2020,6,24,33.6,34.5,92,44.12568306010929
974772,F,1976-05-09,postlast,2020,7,8,33.1,34.7,93,44.16393442622951
975041,F,1973-01-24,first,2020,2,27,29.8,41.6,103,47.09289617486339
975041,F,1973-01-24,last,2020,3,10,29.8,41.5,103,47.122950819672134
975041,F,1973-01-24,postfirst,2020,6,4,29.8,40.2,102,47.35792349726776
975041,F,1973-01-24,postlast,2020,7,7,29.7,41,109,47.44808743169399
975244,F,1970-04-05,first,2020,2,26,29.5,36,78,49.89547121790553
975244,F,1970-04-05,last,2020,3,12,29.4,36.4,79,49.93372258402575
975244,F,1970-04-05,postfirst,2020,6,18,29.3,36.1,81,50.202185792349724
975244,F,1970-04-05,postlast,2020,7,2,29.3,35.9,78,50.240437158469945
975742,F,1957-03-01,first,2020,2,5,26.2,42.1,110,62.93398457968411
975742,F,1957-03-01,last,2020,2,20,26.3,41.8,110,62.97496818624148
975742,F,1957-03-01,postfirst,2020,6,26,25.3,42.1,110,63.31967213114754
975742,F,1957-03-01,postlast,2020,7,15,25.6,43.7,110,63.37158469945355
975795,F,1968-02-26,first,2020,2,24,44.8,27.9,84,51.994535519125684
975795,F,1968-02-26,last,2020,3,6,45.1,28.9,87,52.021857923497265
975795,F,1968-02-26,postfirst,2020,6,15,44.3,29.9,89,52.297814207650276
975795,F,1968-02-26,postlast,2020,6,30,44.8,28,87,52.33879781420765
975805,F,1963-08-19,first,2020,2,11,29.1,40,113,56.48188487162213
975805,F,1963-08-19,last,2020,3,2,29.1,39.8,111,56.533797439928136
975805,F,1963-08-19,postfirst,2020,5,26,29.2,39.5,110,56.76603787708661
975805,F,1963-08-19,postlast,2020,6,30,29.2,39.5,110,56.861666292387156
975840,F,1942-04-03,first,2020,2,19,21.1,48,108,77.88182498690021
975840,F,1942-04-03,last,2020,3,3,21.1,47.9,108,77.91461187214612
975840,F,1942-04-03,postfirst,2020,6,15,21.3,46.9,104,78.19945355191257
975840,F,1942-04-03,postlast,2020,6,29,21.3,47.1,104,78.23770491803279
976078,F,1969-05-16,first,2020,2,17,28.2,42,87,50.75855228684782
976078,F,1969-05-16,last,2020,3,9,28.4,41.3,86,50.813197095590986
976078,F,1969-05-16,postfirst,2020,5,27,27.9,42.8,93,51.03005464480874
976078,F,1969-05-16,postlast,2020,6,12,27.9,42.9,92,51.07377049180328
976091,F,1974-08-20,first,2020,2,25,30.7,33,97,45.51739651171495
976091,F,1974-08-20,last,2020,3,12,30.9,32.1,95,45.558380118272325
976091,F,1974-08-20,postfirst,2020,6,12,31.7,30.2,91,45.8097462384909
976091,F,1974-08-20,postlast,2020,6,26,31.8,30,92,45.84799760461112
976114,F,1972-06-19,first,2020,2,26,31.4,33.4,72,47.69125683060109
976114,F,1972-06-19,last,2020,3,11,31.3,33.7,71,47.72677595628415
976114,F,1972-06-19,postfirst,2020,6,24,31.3,33.6,72,48.013661202185794
976114,F,1972-06-19,postlast,2020,7,8,31.1,34.3,73,48.05191256830601
976277,F,1976-05-24,first,2020,2,24,30.4,34.8,100,43.756830601092894
976277,F,1976-05-24,last,2020,3,9,20.5,34.7,99,43.79234972677595
976277,F,1976-05-24,postfirst,2020,6,17,29.4,37.2,103,44.0655737704918
976277,F,1976-05-24,postlast,2020,7,1,29.5,36.8,103,44.10382513661202
976794,F,1980-11-27,first,2020,2,20,30.7,36.6,98,39.23497267759563
976794,F,1980-11-27,last,2020,3,7,31.1,35.4,96,39.275956284153004
976794,F,1980-11-27,postfirst,2020,6,6,30.5,37.2,99,39.52459016393443
976794,F,1980-11-27,postlast,2020,7,6,30.4,37.5,99,39.60655737704918
976840,H,1965-02-05,first,2020,2,11,33,29.4,115,55.01639344262295
976840,H,1965-02-05,last,2020,3,3,32.9,29.6,115,55.07103825136612
976840,H,1965-02-05,postfirst,2020,6,25,32.5,30.1,118,55.38251366120218
976840,H,1965-02-05,postlast,2020,7,10,32.6,30.1,118,55.423497267759565
976860,F,1946-11-08,first,2020,2,26,25.5,39.6,87,73.30095066996033
976860,F,1946-11-08,last,2020,3,11,25.6,39.2,86,73.33646979564338
976860,F,1946-11-08,postfirst,2020,6,25,25.5,39.7,87,73.62608728198218
976860,F,1946-11-08,postlast,2020,7,8,25.3,39.6,87,73.66160640766525
976877,F,1951-11-21,first,2020,2,20,41.8,42.4,100,68.24894078898122
976877,F,1951-11-21,last,2020,3,6,41.4,42.6,100,68.28719215510144
976877,F,1951-11-21,postfirst,2020,6,12,41.7,41.7,99,68.55495171794296
976877,F,1951-11-21,postlast,2020,7,8,43.3,40.8,99,68.62598996930907
976933,F,1952-09-24,first,2020,2,18,28.9,46.1,122,67.40437158469945
976933,F,1952-09-24,last,2020,3,13,31,44.5,122,67.4672131147541
976933,F,1952-09-24,postfirst,2020,6,4,29.4,44.1,122,67.69398907103825
976933,F,1952-09-24,postlast,2020,6,25,29.1,43.1,116,67.75136612021858
977228,H,1969-03-11,first,2020,2,6,36.4,38.4,107,50.9093195598473
977228,H,1969-03-11,last,2020,2,27,36.7,37.9,106,50.96669660902762
977228,H,1969-03-11,postfirst,2020,5,19,38.3,35.1,96,51.18852459016394
977228,H,1969-03-11,postlast,2020,6,30,37.8,35.8,98,51.30327868852459
977376,F,1966-05-19,first,2020,2,20,29.6,35.7,88,53.7585298300771
977376,F,1966-05-19,last,2020,3,6,29.7,35.8,90,53.79678119619732
977376,F,1966-05-19,postfirst,2020,6,11,29.3,36.3,90,54.06284153005465
977376,F,1966-05-19,postlast,2020,6,30,29.2,36.3,90,54.114754098360656
977457,F,1963-01-18,first,2020,2,13,26.5,43.9,93,57.07103825136612
977457,F,1963-01-18,last,2020,3,5,26.8,43,91,57.12568306010929
977457,F,1963-01-18,postfirst,2020,6,18,27.2,41.7,87,57.41256830601093
977457,F,1963-01-18,postlast,2020,7,2,27.4,41.2,87,57.450819672131146
977502,H,1972-02-13,first,2020,2,19,37.1,34.7,96,48.01639344262295
977502,H,1972-02-13,last,2020,3,4,37.4,34.3,95,48.05191256830601
977502,H,1972-02-13,postfirst,2020,6,16,37.2,34.5,96,48.33606557377049
977502,H,1972-02-13,postlast,2020,7,1,37.7,33.7,95,48.377049180327866
977579,H,1962-06-27,first,2020,2,20,36.8,33.1,96,57.65168051500861
977579,H,1962-06-27,last,2020,3,3,36.7,33.3,96,57.68173515981735
977579,H,1962-06-27,postfirst,2020,6,25,36.6,33.5,98,57.993210569653414
977579,H,1962-06-27,postlast,2020,7,9,36.5,33.6,97,58.032786885245905
977611,F,1995-06-29,first,2020,2,24,34,32,95,24.657130024702447
977611,F,1995-06-29,last,2020,3,9,33.9,32.4,95,24.692649150385506
977611,F,1995-06-29,postfirst,2020,6,22,33.3,33.8,95,24.979534396287146
977611,F,1995-06-29,postlast,2020,7,6,33,34.2,95,25.01912568306011
977656,F,1996-08-09,first,2020,2,24,43.3,31.8,80,23.546448087431695
977656,F,1996-08-09,last,2020,3,9,43.4,30.9,78,23.581967213114755
977656,F,1996-08-09,postfirst,2020,6,15,44.3,20.9,72,23.849726775956285
977656,F,1996-08-09,postlast,2020,7,9,44.2,20.3,73,23.915300546448087
977693,F,1968-12-06,first,2020,2,26,44.2,41.3,91,51.22677595628415
977693,F,1968-12-06,last,2020,3,11,44.7,39.8,90,51.26229508196721
977693,F,1968-12-06,postfirst,2020,6,17,43.5,40.9,93,51.53005464480874
977693,F,1968-12-06,postlast,2020,7,1,45.3,39.7,94,51.568306010928964
977713,F,1948-11-05,first,2020,2,28,26.8,46.4,108,71.31693989071039
977713,F,1948-11-05,last,2020,3,13,26.8,46.5,106,71.35245901639344
977713,F,1948-11-05,postfirst,2020,6,26,27,45.5,100,71.63934426229508
977713,F,1948-11-05,postlast,2020,7,10,27.1,43.7,99,71.6775956284153
977715,F,1977-02-13,first,2020,2,26,31.3,50,98,43.03551912568306
977715,F,1977-02-13,last,2020,3,11,31.8,48.7,97,43.07103825136612
977715,F,1977-02-13,postfirst,2020,6,12,33,43.3,96,43.32513661202186
977715,F,1977-02-13,postlast,2020,7,2,34,40.4,95,43.37978142076503
977767,F,1972-04-13,first,2020,3,3,28.4,42.6,90,47.887978142076506
977767,F,1972-04-13,last,2020,3,16,28.6,42,89,47.923497267759565
977767,F,1972-04-13,postfirst,2020,6,23,29,40.2,85,48.19398907103825
977767,F,1972-04-13,postlast,2020,7,7,29.6,39.6,84,48.23224043715847
977771,F,1978-09-07,first,2020,2,21,28.3,47,121,41.457152481473166
977771,F,1978-09-07,last,2020,3,6,28.5,46.4,120,41.492671607156225
977771,F,1978-09-07,postfirst,2020,6,26,28.2,47.6,117,41.79868253611797
977771,F,1978-09-07,postlast,2020,7,3,28.2,47.5,117,41.81780821917808
977906,F,1948-07-05,first,2020,3,2,43.1,41.1,94,71.6584699453552
977906,F,1948-07-05,last,2020,3,16,43.4,40.5,92,71.69672131147541
977906,F,1948-07-05,postfirst,2020,6,30,44.9,40.4,92,71.98633879781421
977906,F,1948-07-05,postlast,2020,7,15,44,42.9,92,72.02732240437159
977960,F,1988-02-12,first,2020,3,5,32.4,37.9,97,32.057377049180324
977960,F,1988-02-12,last,2020,3,12,32.5,37.7,97,32.076502732240435
977960,F,1988-02-12,postfirst,2020,6,24,32.6,37.2,99,32.36065573770492
977960,F,1988-02-12,postlast,2020,7,8,32.8,36.8,98,32.39890710382514
977967,F,1966-10-21,first,2020,2,27,28.9,42.2,121,53.352997978890635
977967,F,1966-10-21,last,2020,3,12,29,41.7,120,53.388517104573694
977967,F,1966-10-21,postfirst,2020,6,25,29.6,39.1,111,53.67540235047534
977967,F,1966-10-21,postlast,2020,7,7,29.6,39.1,112,53.708189235721235
977970,F,1956-04-28,first,2020,2,17,25.5,41.1,108,63.80874316939891
977970,F,1956-04-28,last,2020,3,2,25.7,40.6,106,63.84426229508197
977970,F,1956-04-28,postfirst,2020,6,23,26.7,37.3,98,64.15300546448087
977970,F,1956-04-28,postlast,2020,7,6,26.8,37,96,64.18852459016394
977984,F,1972-10-20,first,2020,2,18,29.1,39,91,47.333333333333336
977984,F,1972-10-20,last,2020,3,10,29.2,37.9,91,47.387978142076506
977984,F,1972-10-20,postfirst,2020,6,9,28.7,39.4,95,47.63661202185792
977984,F,1972-10-20,postlast,2020,7,2,28.8,38.9,94,47.69945355191257
977998,H,1960-02-04,first,2020,2,25,32.3,41.6,99,60.057377049180324
977998,H,1960-02-04,last,2020,3,16,32.9,40.6,97,60.10928961748634
977998,H,1960-02-04,postfirst,2020,6,11,33.1,40.4,98,60.34699453551912
977998,H,1960-02-04,postlast,2020,7,3,33.3,40,97,60.40710382513661
978036,H,1968-07-20,first,2020,2,27,37.3,34.3,110,51.60928961748634
978036,H,1968-07-20,last,2020,3,12,37.4,34,109,51.6448087431694
978036,H,1968-07-20,postfirst,2020,6,19,38,32.8,107,51.91530054644809
978036,H,1968-07-20,postlast,2020,7,10,38.1,32.6,107,51.97267759562842
978100,F,1972-10-02,first,2020,2,26,28.4,42.8,96,47.404371584699454
978100,F,1972-10-02,last,2020,3,12,28.6,42.1,95,47.442622950819676
978100,F,1972-10-02,postfirst,2020,6,15,29.7,38.6,93,47.702185792349724
978100,F,1972-10-02,postlast,2020,6,30,29.9,38,90,47.743169398907106
978110,F,1956-01-18,first,2020,2,28,27.7,43.5,90,64.1120218579235
978110,F,1956-01-18,last,2020,3,13,27.8,43.5,90,64.14754098360656
978110,F,1956-01-18,postfirst,2020,6,19,27.8,43.3,88,64.4153005464481
978110,F,1956-01-18,postlast,2020,7,3,27.8,41.4,87,64.4535519125683
978164,F,1956-07-18,first,2020,2,24,28,47.5,129,63.60655737704918
978164,F,1956-07-18,last,2020,3,9,28.2,47,129,63.64207650273224
978164,F,1956-07-18,postfirst,2020,5,18,28,47.4,130,63.833333333333336
978164,F,1956-07-18,postlast,2020,6,2,28,47.1,130,63.87431693989071
978267,F,1963-08-09,first,2020,2,29,26.4,42.4,87,56.558462459764954
978267,F,1963-08-09,last,2020,3,14,26.4,42.3,87,56.59398158544801
978267,F,1963-08-09,postfirst,2020,6,20,27.7,40.2,86,56.86174114828954
978267,F,1963-08-09,postlast,2020,7,4,27,40.4,86,56.89999251440976
978356,F,1945-06-13,first,2020,2,26,20.7,54.4,119,74.70643012201512
978356,F,1945-06-13,last,2020,3,11,20.8,54.1,117,74.74194924769819
978356,F,1945-06-13,postfirst,2020,6,10,21,53.8,115,74.9905831274796
978356,F,1945-06-13,postlast,2020,7,8,20.7,50.2,116,75.06830601092896
978496,F,1950-08-08,first,2020,2,20,27.1,41,103,69.53661202185792
978496,F,1950-08-08,last,2020,3,12,27,40.9,101,69.5912568306011
978496,F,1950-08-08,postfirst,2020,6,25,27.3,39.6,96,69.87814207650273
978496,F,1950-08-08,postlast,2020,7,2,27.2,39.4,95,69.89726775956284
978608,F,1974-09-30,first,2020,2,26,31.2,35.7,78,45.40779998502882
978608,F,1974-09-30,last,2020,3,13,31.1,35.9,79,45.4487835915862
978608,F,1974-09-30,postfirst,2020,6,12,31.5,34.2,77,45.697417471367615
978608,F,1974-09-30,postlast,2020,6,29,31.6,34.1,75,45.743865558799314
978687,F,1968-05-09,first,2020,2,19,41,45.2,93,51.78415300546448
978687,F,1968-05-09,last,2020,3,4,42.9,43.6,93,51.81967213114754
978687,F,1968-05-09,postfirst,2020,6,24,42.4,42.6,91,52.12568306010929
978687,F,1968-05-09,postlast,2020,7,8,40.9,44.8,91,52.16393442622951
978757,F,1962-01-11,first,2020,2,18,28,38.7,102,58.10382513661202
978757,F,1962-01-11,last,2020,3,4,28,39.5,101,58.14207650273224
978757,F,1962-01-11,postfirst,2020,6,17,28,37.5,98,58.42896174863388
978757,F,1962-01-11,postlast,2020,7,1,28,38.7,98,58.467213114754095
978760,H,1968-04-25,first,2020,2,26,27.7,41,123,51.84153005464481
978760,H,1968-04-25,last,2020,3,12,32.4,31.1,122,51.87978142076503
978760,H,1968-04-25,postfirst,2020,6,5,32.5,31.3,121,52.112021857923494
978760,H,1968-04-25,postlast,2020,6,18,32.5,23.1,121,52.14754098360656
978836,F,1993-05-24,first,2020,2,12,32.8,37.9,89,26.722973276442847
978836,F,1993-05-24,last,2020,2,27,33,37.5,87,26.763956883000226
978836,F,1993-05-24,postfirst,2020,6,23,33.9,35,84,27.081967213114755
978836,F,1993-05-24,postlast,2020,7,6,33.9,34.6,83,27.117486338797814
978861,F,1970-01-28,first,2020,2,29,30.2,37.1,93,50.08743169398907
978861,F,1970-01-28,last,2020,3,14,30.2,36.5,93,50.122950819672134
978861,F,1970-01-28,postfirst,2020,6,26,30.3,38.1,92,50.40710382513661
978861,F,1970-01-28,postlast,2020,7,9,30.4,36.7,90,50.442622950819676
978882,H,1965-06-26,first,2020,2,13,38.3,34.1,99,54.6352945579759
978882,H,1965-06-26,last,2020,3,13,38.2,34.6,101,54.71179729021633
978882,H,1965-06-26,postfirst,2020,6,2,37.9,35.2,102,54.93310876562617
978882,H,1965-06-26,postlast,2020,7,3,38.2,34.3,99,55.01912568306011
978943,F,1959-01-27,first,2020,2,19,28.8,37.8,84,61.06284153005465
978943,F,1959-01-27,last,2020,3,4,28.9,37.6,83,61.09836065573771
978943,F,1959-01-27,postfirst,2020,5,20,29,36.9,80,61.30874316939891
978943,F,1959-01-27,postlast,2020,6,2,29,36.7,80,61.34426229508197
978959,F,1953-03-22,first,2020,2,17,28.4,39.4,97,66.90923721835466
978959,F,1953-03-22,last,2020,3,3,28.5,39.2,96,66.94748858447488
978959,F,1953-03-22,postfirst,2020,6,22,28.4,38.5,96,67.25136612021858
978959,F,1953-03-22,postlast,2020,7,10,28.5,39.3,96,67.30054644808743
978991,F,1963-05-30,first,2020,2,26,28.6,42.4,103,56.744786286398686
978991,F,1963-05-30,last,2020,3,11,28.2,42.2,102,56.780305412081745
978991,F,1963-05-30,postfirst,2020,6,17,24,40.2,96,57.049180327868854
978991,F,1963-05-30,postlast,2020,6,29,29.1,39.5,97,57.08196721311475
979008,F,1952-07-30,first,2020,2,27,28,45.1,100,67.58196721311475
979008,F,1952-07-30,last,2020,3,12,28,45.6,99,67.61748633879782
979008,F,1952-07-30,postfirst,2020,6,18,28,42.3,92,67.88524590163935
979008,F,1952-07-30,postlast,2020,7,2,28,42.1,91,67.92349726775956
979028,F,1966-04-13,first,2020,2,19,27.1,43.9,88,53.85442772662624
979028,F,1966-04-13,last,2020,3,4,27.2,43.6,86,53.88994685230931
979028,F,1966-04-13,postfirst,2020,6,24,27.3,42.8,85,54.19672131147541
979028,F,1966-04-13,postlast,2020,7,8,27.3,42.9,85,54.23497267759563
979072,F,1974-09-29,first,2020,3,2,30.7,37.3,88,45.42146867280485
979072,F,1974-09-29,last,2020,3,16,30.9,36.6,86,45.45972003892507
979072,F,1974-09-29,postfirst,2020,6,26,30.7,37.5,87,45.738408563515236
979072,F,1974-09-29,postlast,2020,7,10,30.9,36.7,87,45.77665992963545
979087,F,1966-12-29,first,2020,2,27,29.1,40.1,103,53.163956883000225
979087,F,1966-12-29,last,2020,3,12,29.2,39.5,103,53.199476008683284
979087,F,1966-12-29,postfirst,2020,6,20,29.2,39.9,101,53.472700052399134
979087,F,1966-12-29,postlast,2020,7,1,29.3,39.8,101,53.50275469720788
979100,F,1969-04-16,first,2020,2,18,30.8,38.6,75,50.843476308106894
979100,F,1969-04-16,last,2020,3,3,30,38,75,50.87899543378995
979100,F,1969-04-16,postfirst,2020,6,15,30.4,37.1,76,51.16393442622951
979100,F,1969-04-16,postlast,2020,7,3,30.3,37.3,78,51.21311475409836
979161,F,1963-10-23,first,2020,2,14,29.2,37.7,110,56.31199940115278
979161,F,1963-10-23,last,2020,3,6,29.2,37.6,109,56.36664420989595
979161,F,1963-10-23,postfirst,2020,6,23,29.2,37.1,105,56.66445841754622
979161,F,1963-10-23,postlast,2020,7,7,29.3,36.8,102,56.70270978366644
979264,F,1944-08-26,first,2020,2,24,27,42,85,75.5
979264,F,1944-08-26,last,2020,3,9,27,42.3,85,75.53551912568307
979264,F,1944-08-26,postfirst,2020,6,22,27.2,42.4,82,75.8224043715847
979264,F,1944-08-26,postlast,2020,7,3,27.3,40.2,81,75.85245901639344
979294,F,1956-05-30,first,2020,3,2,27,36.9,97,63.756830601092894
979294,F,1956-05-30,last,2020,3,16,27.1,36.6,94,63.795081967213115
979294,F,1956-05-30,postfirst,2020,6,16,27.8,34.1,89,64.0464480874317
979294,F,1956-05-30,postlast,2020,6,30,27.8,34.1,90,64.0846994535519
979318,F,1967-10-15,first,2020,2,17,24.9,51.9,115,52.34211393068343
979318,F,1967-10-15,last,2020,3,2,25,51.7,115,52.37763305636649
979318,F,1967-10-15,postfirst,2020,6,4,25.5,50,110,52.63446365745939
979318,F,1967-10-15,postlast,2020,6,22,25.5,49.7,110,52.683643985328246
979334,F,1973-09-29,first,2020,2,26,28.9,38.5,101,46.41053971105622
979334,F,1973-09-29,last,2020,3,12,29.1,38,98,46.44879107717644
979334,F,1973-09-29,postfirst,2020,5,14,30,35.5,94,46.62092222471742
979334,F,1973-09-29,postlast,2020,7,2,30.5,34,90,46.754802006138185
979421,F,1949-04-02,first,2020,2,24,32.5,39.2,105,70.8982259151134
979421,F,1949-04-02,last,2020,3,12,32.1,40.9,104,70.94194176210794
979421,F,1949-04-02,postfirst,2020,6,8,32.5,40.1,105,71.18306010928961
979421,F,1949-04-02,postlast,2020,6,25,32.7,39.7,100,71.22950819672131
979501,F,1955-02-05,first,2020,2,18,27.4,42.8,100,65.03551912568307
979501,F,1955-02-05,last,2020,3,3,27.4,42.1,99,65.07103825136612
979501,F,1955-02-05,postfirst,2020,6,11,27.5,41.7,96,65.34426229508196
979501,F,1955-02-05,postlast,2020,7,7,27.6,42.7,96,65.4153005464481
979521,F,1966-06-13,first,2020,2,19,29.8,39.5,85,53.68730443895501
979521,F,1966-06-13,last,2020,3,4,29.7,39,86,53.72282356463807
979521,F,1966-06-13,postfirst,2020,6,24,30,37.4,83,54.03005464480874
979521,F,1966-06-13,postlast,2020,7,8,29.8,37.1,83,54.068306010928964
979523,F,1958-07-14,first,2020,2,28,28.6,37.4,92,61.62696309604012
979523,F,1958-07-14,last,2020,3,13,28.7,36.9,91,61.66248222172318
979523,F,1958-07-14,postfirst,2020,6,15,28.8,35.7,87,61.91931282281608
979523,F,1958-07-14,postlast,2020,6,30,28.8,35.4,87,61.96029642937346
979527,F,1948-10-18,first,2020,2,27,23.9,45.5,87,71.36338797814207
979527,F,1948-10-18,last,2020,3,12,23.8,45.7,87,71.39890710382514
979527,F,1948-10-18,postfirst,2020,6,26,24.3,44.3,91,71.68852459016394
979527,F,1948-10-18,postlast,2020,7,10,24.3,44.1,89,71.72677595628416
979562,F,1969-04-23,first,2020,2,14,28,39.3,94,50.81336926416648
979562,F,1969-04-23,last,2020,2,28,28.1,38.9,91,50.851620630286696
979562,F,1969-04-23,postfirst,2020,6,19,28.5,37.5,87,51.15573770491803
979562,F,1969-04-23,postlast,2020,7,3,28.3,38,87,51.19398907103825
979672,F,1944-03-03,first,2020,2,7,21.6,50.6,115,75.93442622950819
979672,F,1944-03-03,last,2020,2,26,21.9,49.7,111,75.98633879781421
979672,F,1944-03-03,postfirst,2020,6,10,22.5,47.7,109,76.27049180327869
979672,F,1944-03-03,postlast,2020,7,1,22.4,47.6,105,76.32786885245902
979675,F,1994-09-26,first,2020,2,24,31.1,45.9,125,25.413294408264093
979675,F,1994-09-26,last,2020,3,9,31.1,45.8,125,25.448813533947153
979675,F,1994-09-26,postfirst,2020,6,10,31.1,45.9,126,25.702911894602888
979675,F,1994-09-26,postlast,2020,6,26,31.1,45.7,124,25.746627741597425
979731,F,1998-01-22,first,2020,2,17,31.9,41.8,100,22.07103825136612
979731,F,1998-01-22,last,2020,3,2,32.1,40.9,98,22.10655737704918
979731,F,1998-01-22,postfirst,2020,6,22,32.7,39,96,22.41256830601093
979731,F,1998-01-22,postlast,2020,7,6,32.9,38.4,95,22.450819672131146
979771,F,1960-09-08,first,2020,2,14,26.3,43.4,99,59.43715846994535
979771,F,1960-09-08,last,2020,3,6,26.4,43.3,99,59.49180327868852
979771,F,1960-09-08,postfirst,2020,6,12,26.4,43.3,98,59.759562841530055
979771,F,1960-09-08,postlast,2020,6,26,26.1,44.1,101,59.797814207650276
979821,F,1975-02-08,first,2020,2,25,29.2,42.7,120,45.04644808743169
979821,F,1975-02-08,last,2020,3,10,29.3,42.2,120,45.08196721311475
979821,F,1975-02-08,postfirst,2020,6,9,29.7,40.8,120,45.330601092896174
979821,F,1975-02-08,postlast,2020,6,23,29.8,40.4,120,45.368852459016395
979824,F,1969-02-27,first,2020,2,13,26.7,44.1,107,50.96132195523617
979824,F,1969-02-27,last,2020,2,27,26.8,43.7,106,51
979824,F,1969-02-27,postfirst,2020,6,18,26.8,43.5,106,51.30327868852459
979824,F,1969-02-27,postlast,2020,7,2,26.8,44.9,106,51.34153005464481
979927,F,1954-06-04,first,2020,2,19,24.5,46.2,101,65.71196197320158
979927,F,1954-06-04,last,2020,3,4,24.6,46,101,65.74748109888465
979927,F,1954-06-04,postfirst,2020,6,11,24.8,44.8,100,66.01912568306011
979927,F,1954-06-04,postlast,2020,7,2,24.9,44.5,100,66.07650273224044
979963,F,2001-01-12,first,2020,2,14,34.8,36.1,86,19.09016393442623
979963,F,2001-01-12,last,2020,3,4,35.1,35.2,84,19.139344262295083
979963,F,2001-01-12,postfirst,2020,6,11,35.2,31.8,80,19.40983606557377
979963,F,2001-01-12,postlast,2020,6,24,36.2,31.9,80,19.44535519125683
979988,F,1983-07-22,first,2020,2,21,29.3,45.5,124,36.58591960476083
979988,F,1983-07-22,last,2020,3,5,29.3,45.6,123,36.61870649000674
979988,F,1983-07-22,postfirst,2020,6,18,29.5,44.7,119,36.905591735908374
979988,F,1983-07-22,postlast,2020,7,13,29.4,44.5,119,36.97389774683734
980021,F,1956-02-11,first,2020,2,25,27.6,44.4,113,64.03825136612022
980021,F,1956-02-11,last,2020,3,10,27.7,45.5,113,64.07377049180327
980021,F,1956-02-11,postfirst,2020,6,9,28,42,107,64.3224043715847
980021,F,1956-02-11,postlast,2020,6,30,28,41.7,105,64.37978142076503
980064,F,1986-09-27,first,2020,2,20,31.4,39.9,88,33.39962572048806
980064,F,1986-09-27,last,2020,3,6,30.9,40.1,86,33.43787708660828
980064,F,1986-09-27,postfirst,2020,5,27,31.4,40,86,33.66192080245527
980064,F,1986-09-27,postlast,2020,7,2,31.5,39.7,86,33.76028145819298
980131,F,1951-08-15,first,2020,2,24,26,38.8,105,68.52836290141478
980131,F,1951-08-15,last,2020,3,9,26.1,38.4,104,68.56388202709783
980131,F,1951-08-15,postfirst,2020,6,10,26.9,35.6,96,68.81798038775358
980131,F,1951-08-15,postlast,2020,6,29,26.9,35.6,95,68.86989295605959
980134,F,1969-01-12,first,2020,2,21,25.3,48.7,102,51.10928961748634
980134,F,1969-01-12,last,2020,3,13,25.3,48.6,104,51.16393442622951
980134,F,1969-01-12,postfirst,2020,6,16,24.3,49.9,103,51.423497267759565
980134,F,1969-01-12,postlast,2020,7,3,25.6,47.5,102,51.46994535519126
980138,F,1960-03-25,first,2020,2,24,28.6,44.1,126,59.9207650273224
980138,F,1960-03-25,last,2020,3,9,28.6,44.1,124,59.95628415300546
980138,F,1960-03-25,postfirst,2020,5,11,28.4,43.9,125,60.12841530054645
980138,F,1960-03-25,postlast,2020,5,25,28.6,43.9,125,60.166666666666664
980176,F,1977-03-17,first,2020,2,26,31.1,35.5,68,42.94752601242608
980176,F,1977-03-17,last,2020,3,12,31.3,35.3,67,42.985777378546295
980176,F,1977-03-17,postfirst,2020,6,17,30.9,35.9,68,43.25136612021858
980176,F,1977-03-17,postlast,2020,7,1,31.1,35.1,67,43.2896174863388
980177,F,1955-11-16,first,2020,2,18,25.4,41.4,103,64.25717493824388
980177,F,1955-11-16,last,2020,3,3,25.6,40.8,98,64.29269406392694
980177,F,1955-11-16,postfirst,2020,6,18,26,39.7,95,64.5850437907029
980177,F,1955-11-16,postlast,2020,7,8,26,39.7,94,64.63968859944606
980246,F,1971-10-08,first,2020,2,18,28.3,45.3,94,48.36402425331237
980246,F,1971-10-08,last,2020,3,3,28.4,44.7,93,48.39954337899543
980246,F,1971-10-08,postfirst,2020,6,16,29,42.9,88,48.686428624897076
980246,F,1971-10-08,postlast,2020,6,30,29,42.9,87,48.72467999101729
980251,H,1960-01-27,first,2020,2,12,31.1,39.1,110,60.04371584699454
980251,H,1960-01-27,last,2020,2,25,31.2,39.5,108,60.0792349726776
980251,H,1960-01-27,postfirst,2020,6,25,32.8,36.9,100,60.40710382513661
980251,H,1960-01-27,postlast,2020,7,7,33,36.5,100,60.439890710382514
980305,H,2000-11-22,first,2020,3,4,39.2,34.3,114,19.276248222172317
980305,H,2000-11-22,last,2020,3,16,39.4,34,112,19.30903510741822
980305,H,2000-11-22,postfirst,2020,6,17,41.3,26.8,100,19.563133468073957
980305,H,2000-11-22,postlast,2020,7,1,41.3,26.9,99,19.601384834194175
980369,F,1960-09-21,first,2020,2,28,29.1,37.2,99,59.439890710382514
980369,F,1960-09-21,last,2020,3,16,29.2,36.1,95,59.48360655737705
980369,F,1960-09-21,postfirst,2020,5,29,29.3,35.3,95,59.685792349726775
980369,F,1960-09-21,postlast,2020,6,12,29.1,35.4,95,59.724043715846996
980427,F,1948-08-01,first,2020,2,27,27.2,42.5,112,71.57650273224044
980427,F,1948-08-01,last,2020,3,12,27.2,41.5,112,71.6120218579235
980427,F,1948-08-01,postfirst,2020,6,17,22.6,45.8,107,71.87704918032787
980427,F,1948-08-01,postlast,2020,7,1,22.2,45.3,107,71.9153005464481
980437,F,1969-02-22,first,2020,2,19,28.2,45.2,120,50.99141402799611
980437,F,1969-02-22,last,2020,3,9,28.3,45,118,51.040983606557376
980437,F,1969-02-22,postfirst,2020,5,18,28.3,44.6,117,51.23224043715847
980437,F,1969-02-22,postlast,2020,6,24,28.5,43.8,116,51.333333333333336
980482,F,1965-08-03,first,2020,2,17,29.9,35.9,102,54.542113930683435
980482,F,1965-08-03,last,2020,3,9,30.1,35.2,100,54.596758739426605
980482,F,1965-08-03,postfirst,2020,6,2,30.5,33.1,95,54.82899917658507
980482,F,1965-08-03,postlast,2020,7,7,30.5,32.4,95,54.92462759188562
980502,F,1966-01-23,first,2020,2,26,24.6,51.8,110,54.09289617486339
980502,F,1966-01-23,last,2020,3,11,24.8,51.2,108,54.12841530054645
980502,F,1966-01-23,postfirst,2020,6,17,28.5,40.3,97,54.39617486338798
980502,F,1966-01-23,postlast,2020,7,1,28.7,39.2,95,54.4344262295082
980561,F,1988-04-23,first,2020,2,18,39.4,29.6,106,31.825136612021858
980561,F,1988-04-23,last,2020,3,3,39.8,29.1,106,31.860655737704917
980561,F,1988-04-23,postfirst,2020,6,19,42.1,25.5,100,32.15573770491803
980561,F,1988-04-23,postlast,2020,7,3,33.1,34.5,98,32.19398907103825
980570,F,1996-09-20,first,2020,2,22,33.7,34.4,99,23.42622950819672
980570,F,1996-09-20,last,2020,3,10,33.7,34.5,98,23.469945355191257
980570,F,1996-09-20,postfirst,2020,6,10,35,31,94,23.721311475409834
980570,F,1996-09-20,postlast,2020,6,25,34.7,31.6,96,23.762295081967213
980586,F,1962-12-22,first,2020,2,27,26,45.7,102,57.183134965192004
980586,F,1962-12-22,last,2020,3,9,26.1,45.2,100,57.21045736956359
980586,F,1962-12-22,postfirst,2020,6,22,27.4,40.8,90,57.49734261546523
980586,F,1962-12-22,postlast,2020,7,7,27.6,40.1,88,57.538326222022604
980600,H,1959-10-04,first,2020,3,10,31.5,38.1,117,60.429627966165135
980600,H,1959-10-04,last,2020,3,16,31.4,38.1,117,60.446021408788084
980600,H,1959-10-04,postfirst,2020,6,19,33.6,34.8,107,60.70558425031814
980600,H,1959-10-04,postlast,2020,6,29,34,34.2,106,60.73290665468972
980643,H,1954-07-09,first,2020,2,25,27.6,48.7,134,65.63246500486564
980643,H,1954-07-09,last,2020,3,10,29.9,46.7,132,65.66798413054869
980643,H,1954-07-09,postfirst,2020,6,23,29.8,45.2,127,65.95486937645033
980643,H,1954-07-09,postlast,2020,7,7,29.8,45.1,127,65.99312074257055
980650,F,1963-09-18,first,2020,2,12,29.6,36.5,92,56.40242533123737
980650,F,1963-09-18,last,2020,3,6,29.7,36.5,89,56.46253462085485
980650,F,1963-09-18,postfirst,2020,6,24,29.8,34.4,84,56.763081068942284
980650,F,1963-09-18,postlast,2020,7,9,29.8,34.4,82,56.80406467549966
980656,H,1975-01-04,first,2020,2,25,32.7,45,124,45.14207650273224
980656,H,1975-01-04,last,2020,3,10,33.4,43.7,119,45.177595628415304
980656,H,1975-01-04,postfirst,2020,6,29,35,41.1,110,45.48087431693989
980656,H,1975-01-04,postlast,2020,7,13,35.4,40.5,112,45.51912568306011
980682,F,1959-06-27,first,2020,2,21,25.1,44.5,110,60.65441275544577
980682,F,1959-06-27,last,2020,3,9,25.1,44.5,101,60.6981286024403
980682,F,1959-06-27,postfirst,2020,5,29,25.4,43.7,101,60.91944007785014
980682,F,1959-06-27,postlast,2020,6,15,25.4,43.6,98,60.96588816528183
980722,F,1974-01-12,first,2020,2,28,29,43.7,115,46.12841530054645
980722,F,1974-01-12,last,2020,3,11,29.1,43.3,114,46.15846994535519
980722,F,1974-01-12,postfirst,2020,6,17,29.6,41.7,105,46.42622950819672
980722,F,1974-01-12,postlast,2020,7,8,29.6,41.4,104,46.48360655737705
980740,F,1958-12-19,first,2020,2,26,26.9,40.6,100,61.18862190283704
980740,F,1958-12-19,last,2020,3,11,27.1,40.1,100,61.2241410285201
980740,F,1958-12-19,postfirst,2020,6,10,27.4,39.1,96,61.47277490830152
980740,F,1958-12-19,postlast,2020,6,30,27.6,38.5,96,61.52741971704469
980750,H,1959-04-19,first,2020,2,20,32,40.2,130,60.84072161089902
980750,H,1959-04-19,last,2020,3,4,32.4,39.6,128,60.87350849614492
980750,H,1959-04-19,postfirst,2020,6,17,34.4,36.1,117,61.16120218579235
980750,H,1959-04-19,postlast,2020,7,8,34.9,35.3,117,61.21857923497268
980767,F,1970-10-28,first,2020,2,26,26.5,47.9,109,49.331087656261694
980767,F,1970-10-28,last,2020,3,11,26.6,47.6,103,49.36660678194475
980767,F,1970-10-28,postfirst,2020,6,18,26.9,46.7,104,49.63709858522345
980767,F,1970-10-28,postlast,2020,7,1,27.1,46.2,105,49.67261771090651
980771,F,1969-08-14,first,2020,2,28,30.7,49.6,103,50.542031589190806
980771,F,1969-08-14,last,2020,3,12,32.8,41,103,50.57481847443671
980771,F,1969-08-14,postfirst,2020,6,19,31.6,45,99,50.8453102777154
980771,F,1969-08-14,postlast,2020,7,3,32.1,42.8,98,50.88356164383562
980772,H,1976-09-05,first,2020,2,28,36,36,115,43.48360655737705
980772,H,1976-09-05,last,2020,3,13,36.3,35.6,115,43.51912568306011
980772,H,1976-09-05,postfirst,2020,6,19,37.8,32.9,102,43.78688524590164
980772,H,1976-09-05,postlast,2020,7,3,37.9,32.5,102,43.82513661202186
980796,F,1970-02-26,first,2020,2,27,27.3,45.5,110,50.00273224043716
980796,F,1970-02-26,last,2020,3,13,26.9,46.9,110,50.040983606557376
980796,F,1970-02-26,postfirst,2020,6,3,27.1,46,106,50.26502732240437
980796,F,1970-02-26,postlast,2020,7,1,27,46.3,104,50.34153005464481
980802,F,1958-11-30,first,2020,2,12,26.5,43.2,106,61.202425331237365
980802,F,1958-11-30,last,2020,3,3,26.6,41.4,103,61.25433789954338
980802,F,1958-11-30,postfirst,2020,6,23,27.3,39.3,94,61.56034882850513
980802,F,1958-11-30,postlast,2020,7,10,27.6,38.3,90,61.60679691593682
980808,F,1959-02-26,first,2020,2,25,28.8,38,104,60.99684856650947
980808,F,1959-02-26,last,2020,3,10,28.9,37.4,101,61.032786885245905
980808,F,1959-02-26,postfirst,2020,6,15,29.5,34.2,88,61.297814207650276
980808,F,1959-02-26,postlast,2020,7,2,29.5,33.9,88,61.34426229508197
980877,F,1957-03-01,first,2020,2,17,25.4,45,94,62.96677146493001
980877,F,1957-03-01,last,2020,3,2,25.5,44.4,92,63.00273224043716
980877,F,1957-03-01,postfirst,2020,6,22,26.5,41.8,87,63.30874316939891
980877,F,1957-03-01,postlast,2020,7,13,26.3,41.9,87,63.36612021857923
980891,F,1969-04-29,first,2020,3,2,29.8,36.5,97,50.840646754996634
980891,F,1969-04-29,last,2020,3,16,30.2,35.5,97,50.87889812111685
980891,F,1969-04-29,postfirst,2020,6,22,32.4,28.5,80,51.14754098360656
980891,F,1969-04-29,postlast,2020,7,6,32.6,27.7,79,51.185792349726775
980907,F,1964-10-22,first,2020,2,17,28,40,90,55.32513661202186
980907,F,1964-10-22,last,2020,3,2,28.2,39.3,89,55.36065573770492
980907,F,1964-10-22,postfirst,2020,6,22,29.9,34.1,74,55.666666666666664
980907,F,1964-10-22,postlast,2020,7,6,30,33.7,73,55.704918032786885
980910,F,1960-03-14,first,2020,2,27,25.9,44.9,97,59.959016393442624
980910,F,1960-03-14,last,2020,3,12,26.1,44.3,96,59.994535519125684
980910,F,1960-03-14,postfirst,2020,6,19,27.2,39.5,91,60.26502732240437
980910,F,1960-03-14,postlast,2020,7,6,27.4,38.7,90,60.31147540983606
981010,F,1989-10-16,first,2020,2,14,29,48.7,115,30.33117748334456
981010,F,1989-10-16,last,2020,3,3,29,48.7,112,30.377625570776257
981010,F,1989-10-16,postfirst,2020,6,4,28.1,48.8,112,30.631723931431992
981010,F,1989-10-16,postlast,2020,6,18,29,48.5,110,30.669975297552213
981024,F,1970-09-08,first,2020,2,19,29.6,35.6,99,49.44894827457145
981024,F,1970-09-08,last,2020,3,7,29.9,34.5,96,49.49266412156599
981024,F,1970-09-08,postfirst,2020,6,24,30.6,32.4,91,49.790478329216256
981024,F,1970-09-08,postlast,2020,7,8,30.6,32.5,91,49.82872969533648
981039,F,1962-12-15,first,2020,2,19,28.1,43.1,120,57.18045512388652
981039,F,1962-12-15,last,2020,3,4,28.1,42.8,118,57.21597424956958
981039,F,1962-12-15,postfirst,2020,6,12,28.5,41,111,57.489198293285426
981039,F,1962-12-15,postlast,2020,6,26,28.5,40.9,110,57.52744965940565
981054,F,1966-01-17,first,2020,3,2,28.1,44.7,107,54.12021857923497
981054,F,1966-01-17,last,2020,3,16,28.1,44.3,104,54.15846994535519
981054,F,1966-01-17,postfirst,2020,6,11,28.2,44,103,54.39617486338798
981054,F,1966-01-17,postlast,2020,7,9,28.2,44.9,100,54.47267759562842
981069,F,1953-12-10,first,2020,2,21,27.7,39.3,89,66.19961823489783
981069,F,1953-12-10,last,2020,3,6,27.8,39.1,88,66.23513736058088
981069,F,1953-12-10,postfirst,2020,6,9,28.1,37.2,84,66.49470020211093
981069,F,1953-12-10,postlast,2020,7,9,28.1,37.1,84,66.57666741522569
981071,H,1943-10-03,first,2020,2,21,29.2,42.3,118,76.38591960476083
981071,H,1943-10-03,last,2020,3,6,29.5,41.7,115,76.4214387304439
981071,H,1943-10-03,postfirst,2020,6,25,31.6,38.3,99,76.72471741896848
981071,H,1943-10-03,postlast,2020,7,9,31.7,21.3,98,76.7629687850887
981130,F,1976-05-09,first,2020,2,26,28.5,46.1,135,43.80327868852459
981130,F,1976-05-09,last,2020,3,11,28.6,45.7,132,43.83879781420765
981130,F,1976-05-09,postfirst,2020,6,15,28.9,44.6,126,44.10109289617486
981130,F,1976-05-09,postlast,2020,7,6,28.9,44.5,125,44.15846994535519
981136,F,1963-03-16,first,2020,2,21,28.4,40.4,97,56.93660453626769
981136,F,1963-03-16,last,2020,3,5,28.4,40.4,95,56.969391421513585
981136,F,1963-03-16,postfirst,2020,6,10,28.6,39.3,95,57.23497267759563
981136,F,1963-03-16,postlast,2020,7,1,28.6,39.1,95,57.29234972677595
981140,F,1974-12-01,first,2020,2,19,28.4,44.9,128,45.21881128827008
981140,F,1974-12-01,last,2020,3,3,28.4,45,127,45.25159817351598
981140,F,1974-12-01,postfirst,2020,6,26,28.3,45.1,122,45.565805823789205
981140,F,1974-12-01,postlast,2020,7,8,28.2,45,122,45.59859270903511
981163,H,1958-07-17,first,2020,2,21,30.6,44,118,61.59961823489782
981163,H,1958-07-17,last,2020,3,6,31.1,43.3,116,61.635137360580885
981163,H,1958-07-17,postfirst,2020,5,18,33.1,39.9,110,61.834590912493454
981163,H,1958-07-17,postlast,2020,6,29,34.2,38.2,104,61.9493450108541
981167,F,1944-04-13,first,2020,2,28,20.3,55,125,75.87978142076503
981167,F,1944-04-13,last,2020,3,13,20.6,54.2,125,75.9153005464481
981167,F,1944-04-13,postfirst,2020,6,5,20.4,54.8,125,76.14480874316939
981167,F,1944-04-13,postlast,2020,6,19,20.4,54.7,122,76.18306010928961
981179,F,1948-07-21,first,2020,2,20,26.5,44.7,119,71.58743169398907
981179,F,1948-07-21,last,2020,3,10,26.6,44.7,118,71.63661202185793
981179,F,1948-07-21,postfirst,2020,6,9,26.7,43.9,115,71.88524590163935
981179,F,1948-07-21,postlast,2020,6,23,26.7,44.2,115,71.92349726775956
981195,H,1976-10-17,first,2020,3,2,34.1,28.8,135,43.37431693989071
981195,H,1976-10-17,last,2020,3,16,34,28.9,135,43.41256830601093
981195,H,1976-10-17,postfirst,2020,6,29,35.2,27,121,43.69945355191257
981195,H,1976-10-17,postlast,2020,7,13,35.2,27.1,119,43.73770491803279
981197,F,1973-07-10,first,2020,2,20,28.8,44.6,119,46.61606407665244
981197,F,1973-07-10,last,2020,3,9,28.9,44.2,117,46.66251216408414
981197,F,1973-07-10,postfirst,2020,6,22,29.7,41,102,46.94939740998578
981197,F,1973-07-10,postlast,2020,7,15,29.9,40.3,99,47.013661202185794
981276,F,1960-10-10,first,2020,3,2,25.8,45.2,117,59.39344262295082
981276,F,1960-10-10,last,2020,3,16,25.9,44.8,113,59.431693989071036
981276,F,1960-10-10,postfirst,2020,6,22,27.1,40.8,94,59.69945355191257
981276,F,1960-10-10,postlast,2020,7,6,27.8,38.7,93,59.73770491803279
981285,H,1994-07-21,first,2020,2,24,36.6,39,123,25.596856052099707
981285,H,1994-07-21,last,2020,3,10,37,38.4,120,25.635107418219928
981285,H,1994-07-21,postfirst,2020,6,26,38.4,36.1,107,25.930189385433042
981285,H,1994-07-21,postlast,2020,7,9,38.3,36.3,109,25.9657085111161
981290,F,1955-05-10,first,2020,2,26,27.2,45,120,64.79958080694662
981290,F,1955-05-10,last,2020,3,10,27.3,44.1,116,64.83236769219253
981290,F,1955-05-10,postfirst,2020,6,25,27.6,42.2,107,65.1256830601093
981290,F,1955-05-10,postlast,2020,7,9,27.8,42,107,65.1639344262295
981346,F,1972-01-22,first,2020,2,27,28.2,42,110,48.09836065573771
981346,F,1972-01-22,last,2020,3,11,29.5,40.5,105,48.131147540983605
981346,F,1972-01-22,postfirst,2020,6,18,30.3,37.6,97,48.40163934426229
981346,F,1972-01-22,postlast,2020,7,2,28.2,38.9,97,48.439890710382514
981366,F,1959-02-26,first,2020,2,25,23.6,47.6,123,60.99684856650947
981366,F,1959-02-26,last,2020,3,9,23.8,46.7,121,61.03005464480874
981366,F,1959-02-26,postfirst,2020,6,15,24.8,44,114,61.297814207650276
981366,F,1959-02-26,postlast,2020,6,29,24.9,43.8,113,61.33606557377049
981412,F,1983-12-11,first,2020,2,26,29.9,39.6,105,36.210539711056214
981412,F,1983-12-11,last,2020,3,13,30.4,38.1,103,36.2515233176136
981412,F,1983-12-11,postfirst,2020,6,2,31.8,34.2,96,36.47283479302343
981412,F,1983-12-11,postlast,2020,6,26,32.1,33.5,94,36.53840856351523
981432,F,1952-04-15,first,2020,2,28,27.2,48.1,138,67.8743169398907
981432,F,1952-04-15,last,2020,3,13,27.1,48,136,67.90983606557377
981432,F,1952-04-15,postfirst,2020,6,17,27.3,47.1,125,68.17213114754098
981432,F,1952-04-15,postlast,2020,7,1,27.3,47.1,125,68.2103825136612
981461,H,1943-03-08,first,2020,2,18,31.5,44.5,122,76.95032562317539
981461,H,1943-03-08,last,2020,3,3,31.5,43.8,118,76.98584474885845
981461,H,1943-03-08,postfirst,2020,6,23,33.2,38.1,106,77.29234972677595
981461,H,1943-03-08,postlast,2020,7,7,33.1,38.4,107,77.33060109289617
981550,F,1979-07-26,first,2020,2,19,27.7,48.8,111,40.56949621977693
981550,F,1979-07-26,last,2020,3,11,27.9,48,109,40.6241410285201
981550,F,1979-07-26,postfirst,2020,6,18,28.4,43.4,103,40.89463283179879
981550,F,1979-07-26,postlast,2020,7,3,28.6,45.8,103,40.93561643835616
981552,H,1949-01-13,first,2020,3,5,25.1,43.4,128,71.13934426229508
981552,H,1949-01-13,last,2020,3,16,25,43.3,127,71.16939890710383
981552,H,1949-01-13,postfirst,2020,6,8,25.7,42.2,126,71.39890710382514
981552,H,1949-01-13,postlast,2020,6,26,25.3,43.2,127,71.44808743169399
981596,H,1955-07-25,first,2020,2,26,34.4,21.6,113,64.59136162886443
981596,H,1955-07-25,last,2020,3,13,34.5,21.5,112,64.63234523542181
981596,H,1955-07-25,postfirst,2020,6,12,36.5,18.3,102,64.88097911520323
981596,H,1955-07-25,postlast,2020,6,26,37.7,18,102,64.91923048132345
981614,F,1945-07-21,first,2020,2,20,20.8,54,136,74.58592709035108
981614,F,1945-07-21,last,2020,3,5,21,53,133,74.62144621603413
981614,F,1945-07-21,postfirst,2020,6,25,21.8,47.1,124,74.92745714499588
981614,F,1945-07-21,postlast,2020,7,9,21.9,50.3,124,74.9657085111161
981681,H,1952-08-07,first,2020,2,21,28.7,44.4,126,67.54371584699453
981681,H,1952-08-07,last,2020,3,6,29.2,43.6,123,67.5792349726776
981681,H,1952-08-07,postfirst,2020,5,14,31,40.6,116,67.76775956284153
981681,H,1952-08-07,postlast,2020,6,15,32,39,110,67.85519125683061
981751,F,1966-06-26,first,2020,2,24,26,45.2,120,53.66534920278464
981751,F,1966-06-26,last,2020,3,9,26.4,43.9,117,53.7008683284677
981751,F,1966-06-26,postfirst,2020,6,26,27,41.4,98,54
981751,F,1966-06-26,postlast,2020,7,9,27.1,41.1,98,54.03551912568306
981823,F,1959-03-13,first,2020,2,26,26.6,39.7,108,60.95848491653567
981823,F,1959-03-13,last,2020,3,12,26.7,39.3,106,60.99673628265589
981823,F,1959-03-13,postfirst,2020,5,19,26.7,39.5,106,61.18306010928962
981823,F,1959-03-13,postlast,2020,7,8,26.4,39.2,104,61.31967213114754
981830,F,1974-08-17,first,2020,2,26,29,41.8,94,45.5283479302343
981830,F,1974-08-17,last,2020,3,12,29.4,40.5,92,45.56659929635452
981830,F,1974-08-17,postfirst,2020,6,17,31.1,35.1,81,45.83162661875889
981830,F,1974-08-17,postlast,2020,7,2,31.4,34.2,80,45.872610225316265
981837,F,1973-09-01,first,2020,2,26,28.6,42.3,143,46.48725203982334
981837,F,1973-09-01,last,2020,3,12,28.3,43.1,138,46.52550340594356
981837,F,1973-09-01,postfirst,2020,6,24,27.8,44.2,131,46.80965641140804
981837,F,1973-09-01,postlast,2020,7,9,27.8,44.2,130,46.85064001796542
981851,F,1953-08-25,first,2020,2,26,27,38.9,84,66.50643012201512
981851,F,1953-08-25,last,2020,3,10,27.1,38.4,82,66.53921700726102
981851,F,1953-08-25,postfirst,2020,6,23,21.6,37.4,74,66.82610225316266
981851,F,1953-08-25,postlast,2020,7,7,27,37.1,74,66.86435361928288
981868,F,1991-09-27,first,2020,3,5,31.7,39.4,106,28.43514484617112
981868,F,1991-09-27,last,2020,3,16,31.8,39.3,104,28.465199490979863
981868,F,1991-09-27,postfirst,2020,6,17,31.7,39.2,102,28.719297851635602
981868,F,1991-09-27,postlast,2020,7,1,31.9,38.8,101,28.75754921775582
981891,F,1966-01-14,first,2020,2,27,28.1,44.6,105,54.12021857923497
981891,F,1966-01-14,last,2020,3,11,28.2,44.1,102,54.15300546448088
981891,F,1966-01-14,postfirst,2020,6,19,29,41.4,98,54.42622950819672
981891,F,1966-01-14,postlast,2020,7,3,29.1,40.5,91,54.46448087431694
981939,H,1965-06-14,first,2020,2,28,31.2,41.2,134,54.709154876862044
981939,H,1965-06-14,last,2020,3,10,31.4,40.9,130,54.736477281233626
981939,H,1965-06-14,postfirst,2020,5,14,31.9,40.2,127,54.91407290964892
981939,H,1965-06-14,postlast,2020,6,2,32,40,126,54.96598547795494
981961,H,1974-04-23,first,2020,2,28,30.6,50.4,143,45.851620630286696
981961,H,1974-04-23,last,2020,3,13,30.9,48.7,141,45.887139755969756
981961,H,1974-04-23,postfirst,2020,6,12,30.1,44.3,128,46.13661202185792
981961,H,1974-04-23,postlast,2020,6,26,31.3,43.3,127,46.17486338797814
981964,F,1950-03-09,first,2020,2,28,28,42.1,109,69.97490830151958
981964,F,1950-03-09,last,2020,3,13,28,41.6,107,70.01092896174863
981964,F,1950-03-09,postfirst,2020,6,26,28,38.6,101,70.29781420765028
981964,F,1950-03-09,postlast,2020,7,10,28,28,100,70.3360655737705
982016,F,1965-05-27,first,2020,3,2,25.6,46.1,100,54.76393442622951
982016,F,1965-05-27,last,2020,3,12,25.7,45.6,98,54.79125683060109
982016,F,1965-05-27,postfirst,2020,6,25,26.7,41.8,95,55.0792349726776
982016,F,1965-05-27,postlast,2020,7,9,26.9,41.3,94,55.11748633879781
982099,H,1971-05-02,first,2020,3,4,30.9,45.8,130,48.83789205778876
982099,H,1971-05-02,last,2020,3,16,31.3,45.2,127,48.87067894303466
982099,H,1971-05-02,postfirst,2020,6,26,32.8,38.1,116,49.150273224043715
982099,H,1971-05-02,postlast,2020,7,10,33.3,37.4,114,49.18852459016394
982110,H,1982-12-30,first,2020,3,4,37.2,38.6,116,37.17487835915862
982110,H,1982-12-30,last,2020,3,10,37.6,38,112,37.19127180178157
982110,H,1982-12-30,postfirst,2020,5,27,39.2,35.1,101,37.40438655587993
982110,H,1982-12-30,postlast,2020,6,30,39.7,34.1,98,37.49728273074332
982136,F,1955-07-26,first,2020,3,5,27.6,42.1,96,64.60774758589714
982136,F,1955-07-26,last,2020,3,12,27.7,41.4,92,64.62687326895725
982136,F,1955-07-26,postfirst,2020,6,11,28.2,38.5,79,64.87550714873868
982136,F,1955-07-26,postlast,2020,6,25,28.3,38.2,79,64.9137585148589
982160,F,1984-02-06,first,2020,3,10,31.8,38,100,36.08743169398907
982160,F,1984-02-06,last,2020,3,12,32,35.5,98,36.09289617486339
982160,F,1984-02-06,postfirst,2020,6,16,33.1,31.5,87,36.3551912568306
982160,F,1984-02-06,postlast,2020,7,1,33.3,31.7,86,36.39617486338798
982178,H,1946-12-30,first,2020,3,6,34.5,38.4,116,73.18034284003294
982178,H,1946-12-30,last,2020,3,16,34.6,38.2,116,73.20766524440452
982178,H,1946-12-30,postfirst,2020,6,29,35.4,36.5,104,73.49455049030617
982178,H,1946-12-30,postlast,2020,7,15,35.6,36.1,103,73.5382663373007
